1.204623999999999973e-01 -4.314581876650762095e-15
3.613871900000000248e-01 2.711574109791026458e-15
6.023120299999999983e-01 1.422571895421974482e-16
8.432368000000000086e-01 4.065053222678353433e-15
1.084161600000000059e+00 1.197336079064906334e-15
1.325086500000000056e+00 4.744396730374031534e+00
1.566011199999999937e+00 4.744439140300877433e+00
1.806936000000000098e+00 4.383156623770399385e+00
2.047860899999999873e+00 4.360285750599499188e+00
2.288785700000000034e+00 5.486303274837397659e+00
2.529710500000000195e+00 7.039204241796923611e+00
2.770635400000000192e+00 1.202234005227016667e+01
3.011559999999999793e+00 1.520180705600026450e+01
3.252484799999999954e+00 2.532895798733293091e+01
3.493409600000000115e+00 3.372561251005975436e+01
3.734334500000000112e+00 4.464024548807429227e+01
3.975259299999999829e+00 4.712189659359824390e+01
4.216184100000000434e+00 4.128628112133956307e+01
4.457108999999999988e+00 4.567633384825870024e+01
4.698033800000000149e+00 5.029890562930745546e+01
4.938958600000000310e+00 5.498790852589967670e+01
5.179883499999999863e+00 5.670498867524376863e+01
5.420808300000000024e+00 6.377318146002424015e+01
5.661733199999999577e+00 7.321666159072249513e+01
5.902657500000000113e+00 8.188955706836247828e+01
6.143582300000000274e+00 8.694358708357499665e+01
6.384507199999999827e+00 9.475162859173725849e+01
6.625431999999999988e+00 1.007816091724927787e+02
6.866356800000000149e+00 1.075150649282172282e+02
7.107281699999999702e+00 1.093806770823550778e+02
7.348206499999999863e+00 1.142398399283405155e+02
7.589131400000000305e+00 1.190097036183728108e+02
7.830056199999999578e+00 1.223513436783810135e+02
8.070980999999999739e+00 1.242853561209448685e+02
8.311905899999999292e+00 1.271882703758079458e+02
8.552830699999999453e+00 1.306025374911831420e+02
8.793755499999999614e+00 1.318495452371550698e+02
9.034680399999999167e+00 1.344557797969503667e+02
9.275605199999999328e+00 1.353169935604814782e+02
9.516529999999999490e+00 1.369159005890649325e+02
9.757454900000000819e+00 1.380632078209186204e+02
9.998379699999999204e+00 1.385466432977504212e+02
1.023930499999999988e+01 1.394314975356106174e+02
1.048022899999999957e+01 1.405845897062524159e+02
1.072115400000000029e+01 1.412516669126842714e+02
1.096207899999999924e+01 1.417923151715907579e+02
1.120300399999999996e+01 1.422652915941004608e+02
1.144392900000000068e+01 1.428653709630533513e+02
1.168485300000000038e+01 1.437292520220933909e+02
1.192577700000000007e+01 1.442558153324978321e+02
1.216670200000000079e+01 1.458616332120995764e+02
1.240762699999999974e+01 1.470798528044637692e+02
1.264855200000000046e+01 1.481396598564114981e+02
1.288947699999999941e+01 1.477428137370949628e+02
1.313040200000000013e+01 1.459294134913890275e+02
1.337132599999999982e+01 1.439131021198184612e+02
1.361225100000000054e+01 1.407304870103595533e+02
1.385317599999999949e+01 1.378263712071752707e+02
1.409410100000000021e+01 1.353749150396776599e+02
1.433502599999999916e+01 1.339232723171672887e+02
1.457595099999999988e+01 1.331579512945014017e+02
1.481687499999999957e+01 1.324517955408005889e+02
1.505780000000000030e+01 1.320606687607348135e+02
1.529872499999999924e+01 1.317935809775756866e+02
1.553964999999999996e+01 1.317364193466263487e+02
1.578057500000000068e+01 1.319692620964888761e+02
1.602149999999999963e+01 1.326472465663029539e+02
1.626242399999999932e+01 1.342665935025801502e+02
1.650334900000000005e+01 1.361603223543618810e+02
1.674427400000000077e+01 1.396346710931946689e+02
1.698519900000000149e+01 1.444429156519221635e+02
1.722612399999999866e+01 1.519925603414553166e+02
1.746704899999999938e+01 1.615609534606635123e+02
1.770797299999999908e+01 1.729014609663375666e+02
1.794889799999999980e+01 1.850421771068515113e+02
1.818982300000000052e+01 1.939827860324270716e+02
1.843074800000000124e+01 1.974779028576952840e+02
1.867167299999999841e+01 1.924485268506431623e+02
1.891259799999999913e+01 1.823841360159603937e+02
1.915352199999999883e+01 1.663288280933975898e+02
1.939444699999999955e+01 1.489888062914157842e+02
1.963537200000000027e+01 1.329380487278064322e+02
1.987629700000000099e+01 1.212078712005020549e+02
2.011722200000000171e+01 1.130972980492386881e+02
2.035814699999999888e+01 1.084260937203633119e+02
2.059907199999999960e+01 1.048466059339111354e+02
2.083999599999999930e+01 1.022011131820642476e+02
2.108092100000000002e+01 1.002071037838809673e+02
2.132184600000000074e+01 9.868566023847755275e+01
2.156277100000000146e+01 9.731909890357208326e+01
2.180369599999999863e+01 9.570386860498260262e+01
2.204462099999999936e+01 9.449683220493380986e+01
2.228554499999999905e+01 9.318967106137857570e+01
2.252646999999999977e+01 9.229891171442122300e+01
2.276739500000000049e+01 9.094798040328386435e+01
2.300832000000000122e+01 8.983482366779304584e+01
2.324924299999999988e+01 8.869254142847368882e+01
2.349016800000000060e+01 8.795279490139627399e+01
2.373109200000000030e+01 8.706898147146358724e+01
2.397201700000000102e+01 8.598180600763767245e+01
2.421294200000000174e+01 8.494258185161153563e+01
2.445386699999999891e+01 8.423919010299137256e+01
2.469479199999999963e+01 8.365097095669690930e+01
2.493571700000000035e+01 8.264516597051188285e+01
2.517664100000000005e+01 8.203653610737960378e+01
2.541756600000000077e+01 8.140244059556421519e+01
2.565849100000000149e+01 8.102945577305193581e+01
2.589941599999999866e+01 8.012089548721775145e+01
2.614034099999999938e+01 7.898878155731178197e+01
2.638126600000000010e+01 7.768676982212723203e+01
2.662218999999999980e+01 7.673591515499400373e+01
2.686311500000000052e+01 7.573422714415340806e+01
2.710404000000000124e+01 7.482172687095614094e+01
2.734496499999999841e+01 7.427600048365415830e+01
2.758588999999999913e+01 7.394607543924145432e+01
2.782681499999999986e+01 7.393173325056305600e+01
2.806773899999999955e+01 7.379807489823637923e+01
2.830866400000000027e+01 7.451245872297097605e+01
2.854958900000000099e+01 7.635502029415322056e+01
2.879051400000000172e+01 8.064964656098563012e+01
2.903143899999999888e+01 8.656655817231744265e+01
2.927236399999999961e+01 9.318230024398644673e+01
2.951328799999999930e+01 1.002197055226777564e+02
2.975421300000000002e+01 1.068305329122240295e+02
2.999513800000000074e+01 1.106998316685871657e+02
3.023606300000000147e+01 1.114224929815406284e+02
3.047698799999999864e+01 1.095938088011686915e+02
3.071791299999999936e+01 1.054843856839395784e+02
3.095883800000000008e+01 1.006077428072975266e+02
3.119976199999999977e+01 9.501483742801866583e+01
3.144068700000000049e+01 8.944164674887120725e+01
3.168161200000000122e+01 8.393374184047176811e+01
3.192253699999999839e+01 7.906361344446071371e+01
3.216346000000000060e+01 7.476791431201911564e+01
3.240438499999999777e+01 7.110123206614177604e+01
3.264530899999999747e+01 6.824485071364225064e+01
3.288623400000000174e+01 6.592771607469482831e+01
3.312715899999999891e+01 6.434109541885469241e+01
3.336808400000000319e+01 6.283671871421039157e+01
3.360900900000000036e+01 6.144936204467714447e+01
3.384993399999999752e+01 6.020140290111418579e+01
3.409085799999999722e+01 5.935005976175187214e+01
3.433178300000000149e+01 5.859423426896250930e+01
3.457270799999999866e+01 5.755611047977527051e+01
3.481363300000000294e+01 5.674615870099285786e+01
3.505455800000000011e+01 5.619489518732109445e+01
3.529548299999999728e+01 5.598070844083197528e+01
3.553640699999999697e+01 5.563021815119634539e+01
3.577733200000000124e+01 5.536254384589216215e+01
3.601825699999999841e+01 5.524292342610859663e+01
3.625918200000000269e+01 5.542230333467304604e+01
3.650010699999999986e+01 5.553953789315302458e+01
3.674103199999999703e+01 5.531970635140765324e+01
3.698195599999999672e+01 5.496478908307205558e+01
3.722288100000000099e+01 5.433749172075779654e+01
3.746380599999999816e+01 5.333677838890687184e+01
3.770473100000000244e+01 5.187176129344364739e+01
3.794565599999999961e+01 5.046440113418980644e+01
3.818658099999999678e+01 4.897728739894078132e+01
3.842750499999999647e+01 4.792444260961210745e+01
3.866843000000000075e+01 4.693942694555447304e+01
3.890935499999999791e+01 4.610505263005074994e+01
3.915028000000000219e+01 4.544337834469967419e+01
3.939120499999999936e+01 4.492380273871333429e+01
3.963212999999999653e+01 4.463747666978989770e+01
3.987305500000000080e+01 4.412129955846576479e+01
4.011397900000000050e+01 4.365677939181136225e+01
4.035490399999999767e+01 4.324454601178609181e+01
4.059582900000000194e+01 4.298554894135976667e+01
4.083675399999999911e+01 4.262022446447568313e+01
4.107767900000000338e+01 4.210106708836505618e+01
4.131860400000000055e+01 4.167228127637972079e+01
4.155952800000000025e+01 4.116717309716521100e+01
4.180045299999999742e+01 4.079354983405789170e+01
4.204137800000000169e+01 4.032333957181300832e+01
4.228230299999999886e+01 3.979820801186181001e+01
4.252322800000000314e+01 3.926529158238709272e+01
4.276415300000000030e+01 3.891926876676375713e+01
4.300507700000000000e+01 3.840207725315918452e+01
4.324600199999999717e+01 3.797344004801485795e+01
4.348692700000000144e+01 3.747700988755795493e+01
4.372785199999999861e+01 3.710472545800330124e+01
4.396877700000000289e+01 3.692149502109111125e+01
4.420970200000000006e+01 3.674500503993223077e+01
4.445062599999999975e+01 3.647399680509164455e+01
4.469155099999999692e+01 3.623136445693428698e+01
4.493247600000000119e+01 3.602619177314073085e+01
4.517340099999999836e+01 3.583824420611897921e+01
4.541432600000000264e+01 3.557372963733590865e+01
4.565525099999999981e+01 3.536784202094639795e+01
4.589617499999999950e+01 3.513817873790454627e+01
4.613709999999999667e+01 3.502656615240465499e+01
4.637802500000000094e+01 3.483521430335149915e+01
4.661894999999999811e+01 3.465176947478749270e+01
4.685987500000000239e+01 3.444020332063373502e+01
4.710079999999999956e+01 3.435386703978877421e+01
4.734172399999999925e+01 3.432640263445118478e+01
4.758264900000000353e+01 3.422547386509314293e+01
4.782357400000000069e+01 3.409360837239261599e+01
4.806449899999999786e+01 3.402420820163992232e+01
4.830542400000000214e+01 3.410508203819376405e+01
4.854634899999999931e+01 3.403377638456682774e+01
4.878727299999999900e+01 3.393764598159420132e+01
4.902819800000000328e+01 3.382997753505102168e+01
4.926912300000000045e+01 3.385964202604502304e+01
4.951004799999999761e+01 3.407195988130487763e+01
4.975097300000000189e+01 3.467226502322525050e+01
4.999189799999999906e+01 3.585130295587892846e+01
5.023282199999999875e+01 3.825267437789122482e+01
5.047374700000000303e+01 4.197571874943141523e+01
5.071467200000000020e+01 4.690333096941562019e+01
5.095559699999999737e+01 5.163260427775269079e+01
5.119652200000000164e+01 5.543107918567245918e+01
5.143744699999999881e+01 5.727996247806969166e+01
5.167837099999999850e+01 5.715521123114736213e+01
5.191929600000000278e+01 5.480909731847645361e+01
5.216022099999999995e+01 5.140222205885328322e+01
5.240114599999999712e+01 4.818025207905288454e+01
5.264207100000000139e+01 4.564092031548914719e+01
5.288299599999999856e+01 4.397820919823470120e+01
5.312391999999999825e+01 4.317520886188732732e+01
5.336484500000000253e+01 4.298395567519349925e+01
5.360576999999999970e+01 4.320363603101510819e+01
5.384669499999999687e+01 4.382068673833937567e+01
5.408762000000000114e+01 4.442784477543067823e+01
5.432854499999999831e+01 4.469730161758557330e+01
5.456946899999999800e+01 4.432266531387233499e+01
5.481039400000000228e+01 4.344651460491986228e+01
5.505131899999999945e+01 4.205287622385639423e+01
5.529224399999999662e+01 4.051315501651288997e+01
5.553316900000000089e+01 3.885871469364180086e+01
5.577409399999999806e+01 3.751810718751246299e+01
5.601501799999999776e+01 3.633274744168873127e+01
5.625594300000000203e+01 3.546686397448222294e+01
5.649686799999999920e+01 3.467642947078206817e+01
5.673779300000000347e+01 3.406943531214208321e+01
5.697871800000000064e+01 3.353425148525745669e+01
5.721964299999999781e+01 3.305699317871222576e+01
5.746056699999999751e+01 3.270706665427622539e+01
5.770149200000000178e+01 3.241760716224980854e+01
5.794241699999999895e+01 3.235998205503514669e+01
5.818334200000000322e+01 3.229772943026692644e+01
5.842426700000000039e+01 3.255135767453117523e+01
5.866519199999999756e+01 3.296156362642384607e+01
5.890611599999999726e+01 3.342053935834871936e+01
5.914704100000000153e+01 3.389181795102672368e+01
5.938796599999999870e+01 3.425459903098494863e+01
5.962889100000000298e+01 3.442501336035712711e+01
5.986981600000000014e+01 3.429688264762432937e+01
6.011074099999999731e+01 3.388387054653042441e+01
6.035166499999999701e+01 3.335699743788902794e+01
6.059259000000000128e+01 3.276258850851984761e+01
6.083351499999999845e+01 3.227354971697175046e+01
6.107444000000000273e+01 3.184277825243686166e+01
6.131536499999999990e+01 3.157495804460853961e+01
6.155628999999999706e+01 3.134944367283641498e+01
6.179721099999999723e+01 3.117917141076668486e+01
6.203813600000000150e+01 3.115851848628341969e+01
6.227906000000000120e+01 3.119928328147507557e+01
6.251998499999999837e+01 3.127614177469923362e+01
6.276091000000000264e+01 3.135641728548426599e+01
6.300183499999999981e+01 3.137572808007610803e+01
6.324275999999999698e+01 3.137720403165111094e+01
6.348368500000000125e+01 3.124572286668443510e+01
6.372460900000000095e+01 3.103952629648358297e+01
6.396553399999999812e+01 3.076989773810452533e+01
6.420645899999999529e+01 3.045810361450867276e+01
6.444738800000000367e+01 3.015512207303590131e+01
6.468830900000000383e+01 2.981207675739162255e+01
6.492923700000000053e+01 2.952930773466524528e+01
6.517015800000000070e+01 2.930341983821083929e+01
6.541108699999999487e+01 2.912444842175140280e+01
6.565200799999999504e+01 2.896890036958194869e+01
6.589293700000000342e+01 2.875942662387787863e+01
6.613385800000000359e+01 2.856525410142382171e+01
6.637478600000000029e+01 2.838976756469575591e+01
6.661570700000000045e+01 2.821030819988022742e+01
6.685663599999999462e+01 2.804072694566814405e+01
6.709755699999999479e+01 2.785363499179682734e+01
6.733848600000000317e+01 2.773110236052156452e+01
6.757940700000000334e+01 2.764031735276460111e+01
6.782033500000000004e+01 2.751176937506780007e+01
6.806125600000000020e+01 2.747545138024507949e+01
6.830218499999999437e+01 2.738864216103302596e+01
6.854310599999999454e+01 2.727596452369322932e+01
6.878403500000000292e+01 2.716021426256908811e+01
6.902495600000000309e+01 2.716930264094814618e+01
6.926588399999999979e+01 2.718702607800889481e+01
6.950680499999999995e+01 2.717835234082233598e+01
6.974773399999999413e+01 2.716827401703554301e+01
6.998865499999999429e+01 2.716793097936614743e+01
7.022958400000000267e+01 2.709980570749793216e+01
7.047050500000000284e+01 2.708776961251917825e+01
7.071143299999999954e+01 2.708861860193201210e+01
7.095235399999999970e+01 2.706534484382790851e+01
7.119328299999999388e+01 2.708516969146001685e+01
7.143420399999999404e+01 2.700410937466836359e+01
7.167513300000000243e+01 2.696502963364446259e+01
7.191605400000000259e+01 2.696167314110913438e+01
7.215698199999999929e+01 2.694930598979609826e+01
7.239790299999999945e+01 2.691601929391203640e+01
7.263883199999999363e+01 2.692581657891087943e+01
7.287975299999999379e+01 2.696304489657266856e+01
7.312068200000000218e+01 2.695701418107370984e+01
7.336160300000000234e+01 2.695858436042303197e+01
7.360253099999999904e+01 2.691163287609060362e+01
7.384345199999999920e+01 2.682743722067679215e+01
7.408438099999999338e+01 2.684957429347447899e+01
7.432530199999999354e+01 2.692266406871838669e+01
7.456623100000000193e+01 2.691911593764025312e+01
7.480715200000000209e+01 2.691518314372324028e+01
7.504807999999999879e+01 2.689102345633262203e+01
7.528900099999999895e+01 2.684666352942328871e+01
7.552992999999999313e+01 2.686518405112880714e+01
7.577085099999999329e+01 2.688091077989713895e+01
7.601178000000000168e+01 2.687701905504406952e+01
7.625270100000000184e+01 2.689192137037002084e+01
7.649362899999999854e+01 2.687416472412689927e+01
7.673454999999999870e+01 2.691202211609618189e+01
7.697547900000000709e+01 2.682375043957187444e+01
7.721639999999999304e+01 2.697105099127442074e+01
7.745732099999999321e+01 2.761746753542698229e+01
7.769825000000000159e+01 2.827852178934500671e+01
7.793917100000000175e+01 2.908220185435049032e+01
7.818009899999999845e+01 2.993749781774181784e+01
7.842102099999999609e+01 3.064430433152132593e+01
7.866194900000000700e+01 3.100210345918574006e+01
7.890286999999999296e+01 3.096361327179729273e+01
7.914379900000000134e+01 3.052184679559174896e+01
7.938472000000000151e+01 2.989298175528845292e+01
7.962564799999999821e+01 2.916641977210925063e+01
7.986656999999999584e+01 2.861082995494760439e+01
8.010749800000000675e+01 2.811159523535748050e+01
8.034841900000000692e+01 2.777009002901443324e+01
8.058934800000000109e+01 2.754894394996173546e+01
8.083026900000000126e+01 2.740336376318626677e+01
8.107119799999999543e+01 2.729823669265561747e+01
8.131211899999999559e+01 2.724045102487578163e+01
8.155304700000000651e+01 2.717027104921402270e+01
8.179396800000000667e+01 2.712876600402472249e+01
8.203489700000000084e+01 2.710956743333763441e+01
8.227581800000000101e+01 2.707499236660191499e+01
8.251674699999999518e+01 2.712583382351735040e+01
8.275766799999999535e+01 2.714036732502636085e+01
8.299859600000000626e+01 2.706061804658943615e+01
8.323951700000000642e+01 2.705115252703158291e+01
8.348044600000000059e+01 2.695493726253978295e+01
8.372136700000000076e+01 2.680210269363522713e+01
8.396229599999999493e+01 2.670384133319167930e+01
8.420321699999999510e+01 2.656006041177946742e+01
8.444414500000000601e+01 2.643310683469235300e+01
8.468506600000000617e+01 2.639804161846831221e+01
8.492599500000000035e+01 2.633301042813182846e+01
8.516691600000000051e+01 2.627631147846313553e+01
8.540784499999999468e+01 2.624071830856307486e+01
8.564876599999999485e+01 2.622082057969297963e+01
8.588969400000000576e+01 2.619325956278462897e+01
8.613061500000000592e+01 2.618097920741286444e+01
8.637154400000000010e+01 2.619484265767704656e+01
8.661246500000000026e+01 2.620574600747201188e+01
8.685339399999999443e+01 2.627655703236126072e+01
8.709431499999999460e+01 2.635230172940167392e+01
8.733524300000000551e+01 2.657920176424695669e+01
8.757616400000000567e+01 2.698156159655242092e+01
8.781709299999999985e+01 2.765207881033731141e+01
8.805801400000000001e+01 2.852735520574130135e+01
8.829894299999999419e+01 2.947994476289906274e+01
8.853986399999999435e+01 3.043535238732557957e+01
8.878079200000000526e+01 3.118328388769182880e+01
8.902171300000000542e+01 3.156522584001374909e+01
8.926264199999999960e+01 3.161662541036895036e+01
8.950356299999999976e+01 3.140331530422554351e+01
8.974449199999999394e+01 3.117568302459341467e+01
8.998541299999999410e+01 3.105088144089834401e+01
9.022634100000000501e+01 3.098499246034010568e+01
9.046726200000000517e+01 3.085100491623361663e+01
9.070819099999999935e+01 3.062500460521953016e+01
9.094911199999999951e+01 3.018288120039105848e+01
9.119004099999999369e+01 2.965628353876364542e+01
9.143096199999999385e+01 2.905337008939187982e+01
9.167189000000000476e+01 2.847274491353684311e+01
9.191281100000000492e+01 2.807890299415380753e+01
9.215373999999999910e+01 2.778488749456979079e+01
9.239466099999999926e+01 2.756187385389294064e+01
9.263558999999999344e+01 2.736491263301206089e+01
9.287651099999999360e+01 2.717418212834956392e+01
9.311743900000000451e+01 2.707710320084688149e+01
9.335836000000000467e+01 2.705290788366476917e+01
9.359928899999999885e+01 2.704104877044267141e+01
9.384020999999999901e+01 2.683319632773343599e+01
9.408113899999999319e+01 2.676260611579276016e+01
9.432205999999999335e+01 2.673729615069804311e+01
9.456298800000000426e+01 2.667216909212609011e+01
9.480390900000000443e+01 2.669347948596276865e+01
9.504483799999999860e+01 2.675110460741764129e+01
9.528575899999999876e+01 2.682031469271543855e+01
9.552668799999999294e+01 2.687610910505152972e+01
9.576760899999999310e+01 2.695857147760661121e+01
9.600853700000000401e+01 2.699577825372237783e+01
9.624945800000000418e+01 2.706674020029818450e+01
9.649038699999999835e+01 2.705226198405801696e+01
9.673130799999999851e+01 2.686143324518962672e+01
9.697223700000000690e+01 2.661447786233646440e+01
9.721315800000000706e+01 2.649734926425403359e+01
9.745408600000000376e+01 2.635715643642729233e+01
9.769500700000000393e+01 2.622995428845273125e+01
9.793593599999999810e+01 2.615732691082403250e+01
9.817685699999999827e+01 2.607589936543108422e+01
9.841778600000000665e+01 2.601100155538719960e+01
9.865870700000000681e+01 2.594591883908789853e+01
9.889963500000000352e+01 2.593538430563614483e+01
9.914055600000000368e+01 2.590007861097762998e+01
9.938148499999999785e+01 2.591267773687337339e+01
9.962240599999999802e+01 2.590993524249375213e+01
9.986333500000000640e+01 2.590880476927853238e+01
1.001042599999999965e+02 2.589987386601919539e+01
1.003451799999999992e+02 2.594873471900241313e+01
1.005861100000000050e+02 2.596676680667464865e+01
1.008270299999999935e+02 2.603797643504373127e+01
1.010679599999999994e+02 2.614989499999235179e+01
1.013088800000000020e+02 2.640946091196877887e+01
1.015498000000000047e+02 2.680438823282204197e+01
1.017907299999999964e+02 2.742396387891135845e+01
1.020316499999999991e+02 2.813138882040991362e+01
1.022725800000000049e+02 2.874955780151778484e+01
1.025134999999999934e+02 2.932573339265874779e+01
1.027544299999999993e+02 2.958024559757091154e+01
1.029953500000000020e+02 2.951192960200393145e+01
1.032362799999999936e+02 2.952521977845498213e+01
1.034771999999999963e+02 2.948121411215059595e+01
1.037181300000000022e+02 2.944694051517186750e+01
1.039590500000000048e+02 2.934130331950784765e+01
1.041999799999999965e+02 2.911713483780448897e+01
1.044408999999999992e+02 2.884277767428004680e+01
1.046818300000000050e+02 2.847885911501219525e+01
1.049227499999999935e+02 2.810448785699188790e+01
1.051636799999999994e+02 2.779306541440977085e+01
1.054046000000000021e+02 2.774433610175751497e+01
1.056455299999999937e+02 2.756681379905342411e+01
1.058864499999999964e+02 2.756718484627181454e+01
1.061273800000000023e+02 2.772723068801574087e+01
1.063683000000000050e+02 2.793912019415637360e+01
1.066092299999999966e+02 2.818477665517610120e+01
1.068501499999999993e+02 2.838616022016604390e+01
1.070910800000000052e+02 2.849172761237373663e+01
1.073319999999999936e+02 2.837943378321726584e+01
1.075729299999999995e+02 2.817603731105656450e+01
1.078138500000000022e+02 2.797058180973415986e+01
1.080547700000000049e+02 2.778546089459970858e+01
1.082956999999999965e+02 2.764781206639266031e+01
1.085366199999999992e+02 2.762242175575686431e+01
1.087775500000000051e+02 2.764445944573656178e+01
1.090184699999999935e+02 2.760051527830992768e+01
1.092593999999999994e+02 2.744051364185781594e+01
1.095003200000000021e+02 2.727156409075080390e+01
1.097412499999999937e+02 2.711939313582471200e+01
1.099821699999999964e+02 2.697047723420592646e+01
1.102231000000000023e+02 2.681992513711751869e+01
1.104640200000000050e+02 2.672263029827889014e+01
1.107049499999999966e+02 2.662795978061810587e+01
1.109458699999999993e+02 2.650287118285674381e+01
1.111868000000000052e+02 2.640903608228278543e+01
1.114277199999999937e+02 2.626203437677621721e+01
1.116686499999999995e+02 2.620987282037312482e+01
1.119095700000000022e+02 2.618150542887189758e+01
1.121504999999999939e+02 2.613441538565729161e+01
1.123914199999999965e+02 2.608243594663940002e+01
1.126323500000000024e+02 2.606058763602376871e+01
1.128732700000000051e+02 2.603085301763158554e+01
1.131141999999999967e+02 2.605402965845226504e+01
1.133551199999999994e+02 2.599002066771982911e+01
1.135960500000000053e+02 2.605807555933257547e+01
1.138369699999999938e+02 2.605193964462359801e+01
1.140778999999999996e+02 2.606174864776032507e+01
1.143188200000000023e+02 2.605137433023075033e+01
1.145597499999999940e+02 2.602114731187765884e+01
1.148006699999999967e+02 2.597434601343120164e+01
1.150416000000000025e+02 2.594348237132563995e+01
1.152825200000000052e+02 2.591631896702310556e+01
1.155234499999999969e+02 2.595419160821085214e+01
1.157643699999999995e+02 2.599515314438069780e+01
1.160052900000000022e+02 2.604853885954524628e+01
1.162462199999999939e+02 2.608074761608142111e+01
1.164871399999999966e+02 2.611472701710555810e+01
1.167280700000000024e+02 2.611847521357942625e+01
1.169689900000000051e+02 2.608586377145291024e+01
1.172099199999999968e+02 2.605266542237003335e+01
1.174508399999999995e+02 2.603861566717206699e+01
1.176917600000000022e+02 2.613910829507582179e+01
1.179326899999999938e+02 2.613285131417560336e+01
1.181736099999999965e+02 2.616874571889654177e+01
1.184145400000000024e+02 2.620036916106591107e+01
1.186554600000000050e+02 2.622926993808986396e+01
1.188963899999999967e+02 2.616878333258271638e+01
1.191373099999999994e+02 2.609210584896512941e+01
1.193782400000000052e+02 2.602650084330071678e+01
1.196191599999999937e+02 2.591633843052264652e+01
1.198600899999999996e+02 2.581668594784706983e+01
1.201010100000000023e+02 2.578997233060004390e+01
1.203419399999999939e+02 2.572952417187783070e+01
1.205828599999999966e+02 2.573594917715907471e+01
1.208237900000000025e+02 2.570893559543572593e+01
1.210647100000000052e+02 2.571918218123754230e+01
1.213056399999999968e+02 2.568180897173412802e+01
1.215465599999999995e+02 2.565740420103100305e+01
1.217874900000000054e+02 2.561988112293203912e+01
1.220284099999999938e+02 2.560640300119223056e+01
1.222693399999999997e+02 2.559717445457455298e+01
1.225102600000000024e+02 2.560325610291837606e+01
1.227511899999999940e+02 2.554931724704801610e+01
1.229921099999999967e+02 2.553109657383705056e+01
1.232330400000000026e+02 2.555234669143485959e+01
1.234739600000000053e+02 2.557155514522800743e+01
1.237148899999999969e+02 2.557036432981981733e+01
1.239558099999999996e+02 2.561152742077899447e+01
1.241967400000000055e+02 2.571084044552336323e+01
1.244376599999999939e+02 2.556396300898578033e+01
1.246785899999999998e+02 2.551593767665322332e+01
1.249195100000000025e+02 2.547273651179221687e+01
1.251604399999999941e+02 2.546418709686192372e+01
1.254013599999999968e+02 2.543835210949545811e+01
1.256422900000000027e+02 2.545882600526468664e+01
1.258832100000000054e+02 2.549304396941227324e+01
1.261241399999999970e+02 2.549302594682068346e+01
1.263650599999999997e+02 2.552613521946746644e+01
1.266059900000000056e+02 2.555585114373637978e+01
1.268469099999999941e+02 2.564923071347216776e+01
1.270878399999999999e+02 2.566904472349477828e+01
1.273287600000000026e+02 2.565612975649563410e+01
1.275696899999999943e+02 2.567424234489329393e+01
1.278106099999999969e+02 2.572003367420494513e+01
1.280515300000000138e+02 2.574954121374424076e+01
1.282924700000000087e+02 2.581141151339804196e+01
1.285333899999999971e+02 2.591795055085520616e+01
1.287743100000000140e+02 2.605014846814688312e+01
1.290152300000000025e+02 2.615229590259400538e+01
1.292561599999999942e+02 2.618568154529665648e+01
1.294970899999999858e+02 2.623165874442074141e+01
1.297380100000000027e+02 2.617845791183664872e+01
1.299789299999999912e+02 2.612333681061858925e+01
1.302198600000000113e+02 2.602089959906930261e+01
1.304607799999999997e+02 2.601413470107153714e+01
1.307017099999999914e+02 2.594196612362255294e+01
1.309426300000000083e+02 2.587122027078970632e+01
1.311835599999999999e+02 2.584171954660983417e+01
1.314244799999999884e+02 2.580018116883709567e+01
1.316654100000000085e+02 2.576525328636224899e+01
1.319063299999999970e+02 2.574780315025925503e+01
1.321472599999999886e+02 2.575757934515660708e+01
1.323881800000000055e+02 2.575319251320905067e+01
1.326290999999999940e+02 2.572635257420837362e+01
1.328700300000000141e+02 2.571741241739226069e+01
1.331109600000000057e+02 2.572550969584670710e+01
1.333518799999999942e+02 2.574922543825865162e+01
1.335928000000000111e+02 2.580468425244613329e+01
1.338337199999999996e+02 2.585699079174748505e+01
1.340746599999999944e+02 2.592422596967069381e+01
1.343155800000000113e+02 2.607862036573664710e+01
1.345564999999999998e+02 2.630291791795680822e+01
1.347974199999999882e+02 2.659542335123547474e+01
1.350383600000000115e+02 2.700492867743221481e+01
1.352792800000000000e+02 2.739719018036228348e+01
1.355201999999999884e+02 2.777074010898493839e+01
1.357611200000000053e+02 2.801825293063460620e+01
1.360020600000000002e+02 2.814113014082332143e+01
1.362429799999999886e+02 2.821566093206766723e+01
1.364839000000000055e+02 2.816750249891572011e+01
1.367248199999999940e+02 2.802109604898248563e+01
1.369657599999999888e+02 2.784992530208014827e+01
1.372066800000000057e+02 2.758004656085561024e+01
1.374475999999999942e+02 2.723780212673924694e+01
1.376885200000000111e+02 2.694566274364007796e+01
1.379294600000000059e+02 2.672445613258279451e+01
1.381703799999999944e+02 2.661874685662898798e+01
1.384113000000000113e+02 2.652897450329214735e+01
1.386522199999999998e+02 2.647202156438513754e+01
1.388931399999999883e+02 2.641080224023775713e+01
1.391340800000000115e+02 2.637733070726500983e+01
1.393750000000000000e+02 2.642784529073080790e+01
1.396159199999999885e+02 2.642267481700689657e+01
1.398568400000000054e+02 2.642227109255728834e+01
1.400977800000000002e+02 2.649707505984126144e+01
1.403386999999999887e+02 2.651668286902529559e+01
1.405796200000000056e+02 2.645211661937604930e+01
1.408205399999999941e+02 2.637109923529579092e+01
1.410614799999999889e+02 2.632140667454271110e+01
1.413024000000000058e+02 2.623252726137173951e+01
1.415433199999999943e+02 2.611641863759601989e+01
1.417842400000000112e+02 2.603863867349175010e+01
1.420251800000000060e+02 2.600628708829656333e+01
1.422660999999999945e+02 2.600445014981587022e+01
1.425070200000000114e+02 2.599013284802641621e+01
1.427479399999999998e+02 2.598615860654871668e+01
1.429888799999999947e+02 2.598078836768634048e+01
1.432298000000000116e+02 2.596497412196567467e+01
1.434707200000000000e+02 2.591613736816432123e+01
1.437116399999999885e+02 2.584108189633005281e+01
1.439525800000000118e+02 2.577270147350928653e+01
1.441935000000000002e+02 2.580831046939076501e+01
1.444344199999999887e+02 2.571768523521528493e+01
1.446753400000000056e+02 2.575520409787271348e+01
1.449162800000000004e+02 2.576876799065895796e+01
1.451571999999999889e+02 2.577521902015748267e+01
1.453981200000000058e+02 2.584425245389934389e+01
1.456390399999999943e+02 2.586317703069936513e+01
1.458799699999999859e+02 2.590605150472809370e+01
1.461209000000000060e+02 2.589898743059113784e+01
1.463618199999999945e+02 2.596993129513138499e+01
1.466027400000000114e+02 2.598345310408411990e+01
1.468436700000000030e+02 2.598729804834647794e+01
1.470845899999999915e+02 2.592971555772764347e+01
1.473255200000000116e+02 2.596607603459152358e+01
1.475664400000000001e+02 2.595174182001256113e+01
1.478073699999999917e+02 2.598187712031320729e+01
1.480482900000000086e+02 2.595337911300187983e+01
1.482892200000000003e+02 2.588010982523776349e+01
1.485301399999999887e+02 2.589230437052706790e+01
1.487710700000000088e+02 2.589730291862137435e+01
1.490119899999999973e+02 2.585041926351187058e+01
1.492529100000000142e+02 2.577356860679587669e+01
1.494938400000000058e+02 2.574993851945830770e+01
1.497347699999999975e+02 2.572560377177313740e+01
1.499756899999999860e+02 2.576734977984344255e+01
1.502166100000000029e+02 2.575182062563075291e+01
1.504575299999999913e+02 2.573083575179245486e+01
1.506984699999999862e+02 2.571554074804178924e+01
1.509393900000000031e+02 2.574490557966967330e+01
1.511803099999999915e+02 2.577183771992502770e+01
1.514212300000000084e+02 2.578827147743249881e+01
1.516621700000000033e+02 2.576256141775162689e+01
1.519030899999999917e+02 2.582567554285591882e+01
1.521440100000000086e+02 2.582252908417892456e+01
1.523849299999999971e+02 2.584085296821231026e+01
1.526258699999999919e+02 2.582017763909322383e+01
1.528667900000000088e+02 2.590675685583419963e+01
1.531077099999999973e+02 2.599947934869968691e+01
1.533486300000000142e+02 2.611318559173455611e+01
1.535895700000000090e+02 2.626609795738883690e+01
1.538304899999999975e+02 2.639709211789187648e+01
1.540714099999999860e+02 2.651869493901898522e+01
1.543123300000000029e+02 2.658808618027309834e+01
1.545532699999999977e+02 2.659812078354469378e+01
1.547941899999999862e+02 2.659464644422708801e+01
1.550351100000000031e+02 2.651307320296164249e+01
1.552760299999999916e+02 2.643882722726413803e+01
1.555169699999999864e+02 2.629929051753669356e+01
1.557578900000000033e+02 2.624865014501781246e+01
1.559988099999999918e+02 2.621069398017463570e+01
1.562397300000000087e+02 2.618601140436749120e+01
1.564806700000000035e+02 2.621210207967729389e+01
1.567215899999999920e+02 2.618581050793373421e+01
1.569625100000000089e+02 2.621493549323004402e+01
1.572034299999999973e+02 2.622083984256835265e+01
1.574443699999999922e+02 2.624039100285080295e+01
1.576852900000000091e+02 2.630934906735526724e+01
1.579262099999999975e+02 2.627745197945828437e+01
1.581671299999999860e+02 2.614851983901936450e+01
1.584080700000000093e+02 2.609828289170287619e+01
1.586489899999999977e+02 2.603894560678807579e+01
1.588899099999999862e+02 2.609395708684657578e+01
1.591308300000000031e+02 2.606008257761697422e+01
1.593717699999999979e+02 2.596431133054223039e+01
1.596126899999999864e+02 2.593412855038208420e+01
1.598536100000000033e+02 2.593426461628444457e+01
1.600945299999999918e+02 2.595221787139376346e+01
1.603354600000000119e+02 2.596132544942818754e+01
1.605763900000000035e+02 2.592717540310716373e+01
1.608173099999999920e+02 2.602053051883465074e+01
1.610582300000000089e+02 2.595458711190079981e+01
1.612991600000000005e+02 2.587126172704630633e+01
1.615400799999999890e+02 2.587768484353154008e+01
1.617810100000000091e+02 2.590187938893630104e+01
1.620219299999999976e+02 2.579806797210290270e+01
1.622628599999999892e+02 2.583707316556103351e+01
1.625037800000000061e+02 2.586920748061596242e+01
1.627447099999999978e+02 2.587033342365209521e+01
1.629856299999999862e+02 2.591023261096262686e+01
1.632265600000000063e+02 2.595135418106841740e+01
1.634674799999999948e+02 2.602471262377572003e+01
1.637084000000000117e+02 2.603884733611673852e+01
1.639493300000000033e+02 2.602948984837689750e+01
1.641902599999999950e+02 2.600935773611329793e+01
1.644311800000000119e+02 2.605208840330750775e+01
1.646721000000000004e+02 2.609222101576972719e+01
1.649130199999999888e+02 2.606112664021256364e+01
1.651539600000000121e+02 2.602728019526928449e+01
1.653948800000000006e+02 2.597512364934392082e+01
1.656357999999999890e+02 2.593305280303705374e+01
1.658767200000000059e+02 2.593485419028726113e+01
1.661176600000000008e+02 2.590548993760063112e+01
1.663585799999999892e+02 2.593795942966396240e+01
1.665995000000000061e+02 2.589845763425398673e+01
1.668404199999999946e+02 2.584555112027295465e+01
1.670813599999999894e+02 2.584837131553816647e+01
1.673222800000000063e+02 2.589228613010197577e+01
1.675631999999999948e+02 2.585179923255860857e+01
1.678041200000000117e+02 2.585443795316415461e+01
1.680450600000000065e+02 2.586765298584381512e+01
1.682859799999999950e+02 2.586676435242479144e+01
1.685269000000000119e+02 2.588462258646730163e+01
1.687678200000000004e+02 2.592136395276694572e+01
1.690087599999999952e+02 2.593332315889525930e+01
1.692496800000000121e+02 2.597706362509321920e+01
1.694906000000000006e+02 2.597892506616135577e+01
1.697315199999999891e+02 2.594262498707604081e+01
1.699724400000000060e+02 2.591662333738810986e+01
1.702133800000000008e+02 2.584124436043516582e+01
1.704542999999999893e+02 2.581225019737733462e+01
1.706952200000000062e+02 2.582960451687122827e+01
1.709361399999999946e+02 2.583804241479311514e+01
1.711770799999999895e+02 2.583991857800053182e+01
1.714180000000000064e+02 2.583167196241276642e+01
1.716589199999999948e+02 2.589757825703172145e+01
1.718998400000000117e+02 2.587529784164370028e+01
1.721407800000000066e+02 2.588955471520332097e+01
1.723816999999999950e+02 2.591588050125639597e+01
1.726226200000000119e+02 2.587979792991303540e+01
1.728635400000000004e+02 2.584826912363453033e+01
1.731044799999999952e+02 2.580812354829203414e+01
1.733454000000000121e+02 2.581646286017057079e+01
1.735863200000000006e+02 2.582251264233873300e+01
1.738272399999999891e+02 2.584306469547971119e+01
1.740681800000000123e+02 2.598152569383313804e+01
1.743091000000000008e+02 2.593629638033367257e+01
1.745500199999999893e+02 2.585654833248280937e+01
1.747909400000000062e+02 2.587977819659267453e+01
1.750318800000000010e+02 2.587097218449298808e+01
1.752727999999999895e+02 2.588548916680738543e+01
1.755137200000000064e+02 2.583968764165432219e+01
1.757546399999999949e+02 2.584499714237744072e+01
1.759955699999999865e+02 2.583365326166138942e+01
1.762365000000000066e+02 2.587131671502140762e+01
1.764774199999999951e+02 2.593581994509788657e+01
1.767183400000000120e+02 2.596950477123188961e+01
1.769592700000000036e+02 2.604667335924703764e+01
1.772001999999999953e+02 2.611329220916763560e+01
1.774411200000000122e+02 2.616740806392255081e+01
1.776820400000000006e+02 2.619119160551210257e+01
1.779229699999999923e+02 2.623694859516305300e+01
1.781638900000000092e+02 2.625359186784112708e+01
1.784048200000000008e+02 2.620595022148858888e+01
1.786457399999999893e+02 2.631446408491388667e+01
1.788866700000000094e+02 2.621639609880334731e+01
1.791275899999999979e+02 2.614531289913154666e+01
1.793685199999999895e+02 2.615852075060864479e+01
1.796094400000000064e+02 2.614326850493966248e+01
1.798503699999999981e+02 2.621116101145066679e+01
1.800912899999999865e+02 2.622163663692894175e+01
1.803322100000000034e+02 2.626761681705791673e+01
1.805731399999999951e+02 2.623349994536930652e+01
1.808140699999999867e+02 2.625763906486989185e+01
1.810549900000000036e+02 2.630150356959307345e+01
1.812959099999999921e+02 2.627528943359207503e+01
1.815368300000000090e+02 2.625525889372624633e+01
1.817777700000000038e+02 2.620543924693890503e+01
1.820186899999999923e+02 2.620892465274651073e+01
1.822596100000000092e+02 2.619322270302549427e+01
1.825005299999999977e+02 2.617344279467312518e+01
1.827414699999999925e+02 2.620412774141680856e+01
1.829823900000000094e+02 2.618473279520087260e+01
1.832233099999999979e+02 2.624783950168072977e+01
1.834642299999999864e+02 2.625325566727293847e+01
1.837051700000000096e+02 2.628776351898413211e+01
1.839460899999999981e+02 2.634086301658150830e+01
1.841870099999999866e+02 2.640832288081120538e+01
1.844279300000000035e+02 2.648891335241278355e+01
1.846688699999999983e+02 2.660121296649990441e+01
1.849097899999999868e+02 2.662660884950697238e+01
1.851507100000000037e+02 2.667629895525850259e+01
1.853916299999999922e+02 2.664536585909147703e+01
1.856325699999999870e+02 2.659530117261033411e+01
1.858734900000000039e+02 2.659554542179217052e+01
1.861144099999999924e+02 2.651414792719535285e+01
1.863553300000000092e+02 2.651662565206277478e+01
1.865962700000000041e+02 2.645768064017999066e+01
1.868371899999999926e+02 2.635445974249890000e+01
1.870781100000000094e+02 2.635290126549488576e+01
1.873190299999999979e+02 2.636848500791565186e+01
1.875599699999999928e+02 2.633520660038808003e+01
1.878008900000000096e+02 2.629210948870193576e+01
1.880418099999999981e+02 2.635111714922049586e+01
1.882827299999999866e+02 2.629289195867922047e+01
1.885236700000000098e+02 2.636127769895299622e+01
1.887645899999999983e+02 2.633919288765017441e+01
1.890055099999999868e+02 2.629430464023376857e+01
1.892464300000000037e+02 2.628950648436228477e+01
1.894873699999999985e+02 2.626763995286803066e+01
1.897282899999999870e+02 2.624342356540124754e+01
1.899692100000000039e+02 2.621115946749986492e+01
1.902101299999999924e+02 2.617981352400727957e+01
1.904510699999999872e+02 2.621668955899561126e+01
1.906919900000000041e+02 2.620320304419791313e+01
1.909329099999999926e+02 2.624202001871118739e+01
1.911738300000000095e+02 2.621692666938560734e+01
1.914147600000000011e+02 2.625633343158008159e+01
1.916556899999999928e+02 2.629069677821276585e+01
1.918966100000000097e+02 2.628916990338980497e+01
1.921375299999999982e+02 2.634089420688580319e+01
1.923784599999999898e+02 2.632058504177276603e+01
1.926193800000000067e+02 2.630900665021583151e+01
1.928603099999999984e+02 2.634879704648217924e+01
1.931012299999999868e+02 2.637999215083923943e+01
1.933421600000000069e+02 2.635541807824638028e+01
1.935830799999999954e+02 2.637633058155616084e+01
1.938240099999999870e+02 2.641083867560906384e+01
1.940649300000000039e+02 2.638652181631816163e+01
1.943058599999999956e+02 2.638532474909061065e+01
1.945467800000000125e+02 2.638019804636217458e+01
1.947877000000000010e+02 2.635467393723213902e+01
1.950286299999999926e+02 2.633513911229735172e+01
1.952695600000000127e+02 2.632935220421919809e+01
1.955104800000000012e+02 2.629713138873533040e+01
1.957513999999999896e+02 2.623232331865812483e+01
1.959923200000000065e+02 2.632155097933710763e+01
1.962332600000000014e+02 2.632512212532630969e+01
1.964741799999999898e+02 2.632480253764191858e+01
1.967151000000000067e+02 2.631330186583936026e+01
1.969560199999999952e+02 2.633548248902630462e+01
1.971969599999999900e+02 2.642956566453171874e+01
1.974378800000000069e+02 2.638899842015516839e+01
1.976787999999999954e+02 2.633273127841467698e+01
1.979197200000000123e+02 2.630847232769668409e+01
1.981606600000000071e+02 2.634474788474885543e+01
1.984015799999999956e+02 2.628219886172747266e+01
1.986425000000000125e+02 2.624687506814582960e+01
1.988834200000000010e+02 2.628487034817907642e+01
1.991243599999999958e+02 2.628229754538513063e+01
1.993652800000000127e+02 2.631412953400234045e+01
1.996062000000000012e+02 2.629356406328682283e+01
1.998471199999999897e+02 2.628533475134275577e+01
2.000880600000000129e+02 2.628320381794705085e+01
2.003289800000000014e+02 2.626562007281249933e+01
2.005698999999999899e+02 2.639250685091220916e+01
2.008108200000000068e+02 2.640267995935599643e+01
2.010517399999999952e+02 2.627881036732961562e+01
2.012926799999999901e+02 2.631443090766781623e+01
2.015336000000000070e+02 2.627727875968734850e+01
2.017745199999999954e+02 2.631413632917054812e+01
2.020154400000000123e+02 2.632007728718256701e+01
2.022563800000000072e+02 2.643147653316908929e+01
2.024972999999999956e+02 2.650658618959689505e+01
2.027382200000000125e+02 2.653772606533625122e+01
2.029791400000000010e+02 2.646739150391955775e+01
2.032200799999999958e+02 2.649104942774149052e+01
2.034610000000000127e+02 2.644271088252478918e+01
2.037019200000000012e+02 2.645001415291918434e+01
2.039428399999999897e+02 2.647969994251027614e+01
2.041837800000000129e+02 2.647880899115938291e+01
2.044247000000000014e+02 2.649949893685062463e+01
2.046656199999999899e+02 2.656886949093784978e+01
2.049065400000000068e+02 2.659044340992014099e+01
2.051474800000000016e+02 2.657021091859528639e+01
2.053883999999999901e+02 2.660974425780906927e+01
2.056293200000000070e+02 2.656771613093129503e+01
2.058702399999999955e+02 2.657801812539670649e+01
2.061111799999999903e+02 2.662130535856264757e+01
2.063521000000000072e+02 2.659117204768293874e+01
2.065930199999999957e+02 2.659931681903717049e+01
2.068339400000000126e+02 2.660905138029955097e+01
2.070748700000000042e+02 2.659583003745524366e+01
2.073157999999999959e+02 2.658352084392758741e+01
2.075567200000000128e+02 2.663366060680134240e+01
2.077976400000000012e+02 2.667868191887750129e+01
2.080385699999999929e+02 2.664121057255314895e+01
2.082795000000000130e+02 2.661449007749123297e+01
2.085204200000000014e+02 2.662098473271755239e+01
2.087613399999999899e+02 2.660897769342233232e+01
2.090022700000000100e+02 2.660845764897889509e+01
2.092431899999999985e+02 2.655662356051982798e+01
2.094841199999999901e+02 2.659803742269373927e+01
2.097250400000000070e+02 2.664952961612781479e+01
2.099659699999999987e+02 2.662642102435469837e+01
2.102068899999999871e+02 2.664637082175969596e+01
2.104478100000000040e+02 2.668401474993167710e+01
2.106887399999999957e+02 2.671993275603974638e+01
2.109296699999999873e+02 2.673371825738497520e+01
2.111705900000000042e+02 2.667167473402706079e+01
2.114115099999999927e+02 2.665980368096275654e+01
2.116524400000000128e+02 2.663775622697495749e+01
2.118933700000000044e+02 2.665115226961976447e+01
2.121342899999999929e+02 2.660607499959294131e+01
2.123752100000000098e+02 2.661037631080327870e+01
2.126161299999999983e+02 2.667802878565848701e+01
2.128570699999999931e+02 2.667028005750373865e+01
2.130979900000000100e+02 2.667169494659691864e+01
2.133389099999999985e+02 2.668043880583260119e+01
2.135798299999999870e+02 2.670458761537630110e+01
2.138207700000000102e+02 2.673651107304200281e+01
2.140616899999999987e+02 2.673101429467658363e+01
2.143026099999999872e+02 2.668437492943979805e+01
2.145435300000000041e+02 2.668723196935599518e+01
2.147844699999999989e+02 2.674037652653807484e+01
2.150253899999999874e+02 2.670624132656552518e+01
2.152663100000000043e+02 2.669892605337133773e+01
2.155072299999999927e+02 2.669690501827821905e+01
2.157481699999999876e+02 2.669884818401211390e+01
2.159890900000000045e+02 2.671564283129277584e+01
2.162300099999999929e+02 2.674512808454239732e+01
2.164709300000000098e+02 2.674795576127267083e+01
2.167118700000000047e+02 2.675480565134941813e+01
2.169527899999999931e+02 2.670942408171259430e+01
2.171937100000000100e+02 2.678055250065660076e+01
2.174346299999999985e+02 2.675835756019207068e+01
2.176755699999999933e+02 2.677322045740571710e+01
2.179164900000000102e+02 2.676452869218485020e+01
2.181574099999999987e+02 2.675069798599047743e+01
2.183983299999999872e+02 2.680706774259494907e+01
2.186392700000000104e+02 2.676287344646216582e+01
2.188801899999999989e+02 2.682486568841408925e+01
2.191211099999999874e+02 2.679222257511757377e+01
2.193620300000000043e+02 2.677493548086648545e+01
2.196029699999999991e+02 2.674803083683957539e+01
2.198438899999999876e+02 2.675499444654216319e+01
2.200848100000000045e+02 2.676595734850238983e+01
2.203257299999999930e+02 2.679130652059465589e+01
2.205666699999999878e+02 2.678944496239557793e+01
2.208075900000000047e+02 2.677719995339571568e+01
2.210485099999999932e+02 2.682099567308335963e+01
2.212894300000000101e+02 2.686218389336594115e+01
2.215303600000000017e+02 2.689564742090013993e+01
2.217712899999999934e+02 2.693280957922055308e+01
2.220122100000000103e+02 2.695209432663309812e+01
2.222531299999999987e+02 2.700032528983357949e+01
2.224940599999999904e+02 2.697206842987102959e+01
2.227349900000000105e+02 2.698332275347115328e+01
2.229759099999999989e+02 2.700022215468957398e+01
2.232168299999999874e+02 2.705413768208161329e+01
2.234577600000000075e+02 2.704392744057869180e+01
2.236986799999999960e+02 2.701699622865194783e+01
2.239396099999999876e+02 2.702294095341474645e+01
2.241805300000000045e+02 2.697897225640988950e+01
2.244214599999999962e+02 2.704383953734895130e+01
2.246623800000000131e+02 2.706286773727325468e+01
2.249033100000000047e+02 2.700933093810048291e+01
2.251442299999999932e+02 2.697898703139134469e+01
2.253851600000000133e+02 2.701086962440902184e+01
2.256260800000000017e+02 2.701169809502161456e+01
2.258669999999999902e+02 2.706694496709929609e+01
2.261079300000000103e+02 2.703548536867307917e+01
2.263488600000000019e+02 2.702265400246250593e+01
2.265897799999999904e+02 2.705516006448883459e+01
2.268307000000000073e+02 2.706451883392191249e+01
2.270716199999999958e+02 2.707301897316689221e+01
2.273125599999999906e+02 2.707355026553502952e+01
2.275534800000000075e+02 2.708276646173693081e+01
2.277943999999999960e+02 2.709847421146348623e+01
2.280353200000000129e+02 2.707930589012609346e+01
2.282762600000000077e+02 2.704884341665875880e+01
2.285171799999999962e+02 2.700055936789367905e+01
2.287581000000000131e+02 2.702589052360093902e+01
2.289990200000000016e+02 2.706836105360679312e+01
2.292399599999999964e+02 2.703548590696356158e+01
2.294808800000000133e+02 2.705262994494846041e+01
2.297218000000000018e+02 2.719955960702751341e+01
2.299627199999999903e+02 2.720481547587304050e+01
2.302036600000000135e+02 2.718657929239131477e+01
2.304445800000000020e+02 2.714245197098778561e+01
2.306854999999999905e+02 2.713917638308548419e+01
2.309264200000000073e+02 2.721803610345924085e+01
2.311673600000000022e+02 2.722158648173213891e+01
2.314082799999999907e+02 2.717641236043496633e+01
2.316492000000000075e+02 2.715456905624028749e+01
2.318901199999999960e+02 2.718149380440531360e+01
2.321310400000000129e+02 2.718800712825964538e+01
2.323719800000000077e+02 2.712669031490318261e+01
2.326128999999999962e+02 2.722268569814149686e+01
2.328538200000000131e+02 2.717235908593641369e+01
2.330947400000000016e+02 2.707579456781146376e+01
2.333356799999999964e+02 2.719074540928987460e+01
2.335766000000000133e+02 2.726551066305911419e+01
2.338175200000000018e+02 2.719366973888124406e+01
2.340584399999999903e+02 2.722795073395975152e+01
2.342993800000000135e+02 2.727489505380926715e+01
2.345403000000000020e+02 2.729965803006729530e+01
2.347812199999999905e+02 2.733723857408022795e+01
2.350221400000000074e+02 2.739411453417634945e+01
2.352630800000000022e+02 2.736354285670069331e+01
2.355039999999999907e+02 2.733959495753828506e+01
2.357449200000000076e+02 2.734104724901931149e+01
2.359858399999999961e+02 2.735277540352201697e+01
2.362267799999999909e+02 2.735190196047522804e+01
2.364677000000000078e+02 2.737326864000382187e+01
2.367086199999999963e+02 2.734856702769544512e+01
2.369495400000000132e+02 2.737606255767285646e+01
2.371904800000000080e+02 2.732968294202068549e+01
2.374313999999999965e+02 2.737714638295758718e+01
2.376723200000000134e+02 2.739062299432175607e+01
2.379132400000000018e+02 2.742610647624989184e+01
2.381541699999999935e+02 2.740003400883062668e+01
2.383951000000000136e+02 2.741314749764930170e+01
2.386360200000000020e+02 2.747891762223524381e+01
2.388769399999999905e+02 2.740653123437896710e+01
2.391178700000000106e+02 2.739610234607460981e+01
2.393588000000000022e+02 2.736959631103824009e+01
2.395997199999999907e+02 2.748776707478008774e+01
2.398406400000000076e+02 2.745824576557107832e+01
2.400815699999999993e+02 2.747097668872543963e+01
2.403224899999999877e+02 2.809163647758746762e+01
2.405634200000000078e+02 2.765368140378841133e+01
2.408043399999999963e+02 2.748017534363303227e+01
2.410452699999999879e+02 2.746507291282618723e+01
2.412861900000000048e+02 2.754971369619092414e+01
2.415271099999999933e+02 2.743968077219551915e+01
2.417680400000000134e+02 2.745522036810339372e+01
2.420089700000000050e+02 2.749749096521960823e+01
2.422498899999999935e+02 2.748495566056151418e+01
2.424908100000000104e+02 2.747091290444915046e+01
2.427317400000000021e+02 2.749869856952201985e+01
2.429726699999999937e+02 2.749267772208703420e+01
2.432135900000000106e+02 2.752387564555541744e+01
2.434545099999999991e+02 2.754356344753177765e+01
2.436954299999999876e+02 2.754358541451577480e+01
2.439363700000000108e+02 2.751921149339552386e+01
2.441772899999999993e+02 2.756989868089756257e+01
2.444182099999999878e+02 2.756410933522815654e+01
2.446591300000000047e+02 2.750005669078446502e+01
2.449000699999999995e+02 2.755635657546966755e+01
2.451409899999999880e+02 2.755441884308282496e+01
2.453819100000000049e+02 2.759711982095028304e+01
2.456228299999999933e+02 2.757771826409460303e+01
2.458637699999999882e+02 2.761309605512519738e+01
2.461046900000000051e+02 2.763683352903576207e+01
2.463456099999999935e+02 2.765068750571774459e+01
2.465865300000000104e+02 2.763278146906907651e+01
2.468274700000000053e+02 2.764888024415542489e+01
2.470683899999999937e+02 2.762689639237166972e+01
2.473093100000000106e+02 2.768436184153267732e+01
2.475502299999999991e+02 2.773806364893573928e+01
2.477911699999999939e+02 2.761500737043719056e+01
2.480320900000000108e+02 2.768127652194193900e+01
2.482730099999999993e+02 2.766581500404209493e+01
2.485139299999999878e+02 2.775642157904380269e+01
2.487548700000000110e+02 2.761923626865456782e+01
2.489957899999999995e+02 2.765579804612302084e+01
2.492367099999999880e+02 2.766332913646255776e+01
2.494776300000000049e+02 2.772467925911630005e+01
2.497185699999999997e+02 2.770799849911107060e+01
2.499594899999999882e+02 2.771510450684519711e+01
2.502004100000000051e+02 2.776413497631650174e+01
2.504413299999999936e+02 2.777722881339914807e+01
2.506822699999999884e+02 2.778455363608974693e+01
2.509231900000000053e+02 2.776209161515875934e+01
2.511641099999999938e+02 2.777761795323137051e+01
2.514050300000000107e+02 2.774091200111641342e+01
2.516459700000000055e+02 2.778123067486391307e+01
2.518868899999999940e+02 2.785184840118660787e+01
2.521278100000000109e+02 2.785480996558683131e+01
2.523687299999999993e+02 2.788401989614951404e+01
2.526096599999999910e+02 2.785841444061044925e+01
2.528505900000000111e+02 2.783332274107632998e+01
2.530915099999999995e+02 2.784343088269740463e+01
2.533324299999999880e+02 2.784105515771699757e+01
2.535733600000000081e+02 2.790246314190975951e+01
2.538142899999999997e+02 2.790565138694604386e+01
2.540552099999999882e+02 2.797230915110012717e+01
2.542961300000000051e+02 2.797464945032965034e+01
2.545370599999999968e+02 2.793113371606888506e+01
2.547779800000000137e+02 2.796088406002299465e+01
2.550189100000000053e+02 2.799571768348905820e+01
2.552598299999999938e+02 2.795003925874867790e+01
2.555007600000000139e+02 2.797636067604485177e+01
2.557416800000000023e+02 2.813150853882243396e+01
2.559825999999999908e+02 2.796731035014430589e+01
2.562235400000000141e+02 2.798680915463868857e+01
2.564644499999999994e+02 2.797426169376804950e+01
2.567053799999999910e+02 2.802501058682261004e+01
2.569463200000000143e+02 2.804523869544408399e+01
2.571872299999999996e+02 2.805536864603064018e+01
2.574281599999999912e+02 2.806994573760210088e+01
2.576690699999999765e+02 2.808214843074905431e+01
2.579100000000000250e+02 2.809398694039492383e+01
2.581509399999999914e+02 2.811753717613995107e+01
2.583918499999999767e+02 2.809077520800918393e+01
2.586327800000000252e+02 2.808264213540707033e+01
2.588737199999999916e+02 2.808447993466565151e+01
2.591146200000000022e+02 2.813867273850438622e+01
2.593555600000000254e+02 2.815405194920324305e+01
2.595964700000000107e+02 2.809918162230876959e+01
2.598374000000000024e+02 2.816277276860790835e+01
2.600783400000000256e+02 2.814101415172868670e+01
2.603192399999999793e+02 2.820434077572252818e+01
2.605601800000000026e+02 2.818516887636041446e+01
2.608011200000000258e+02 2.819178360350116819e+01
2.610420199999999795e+02 2.818129531399558729e+01
2.612829600000000028e+02 2.817123864583508563e+01
2.615238600000000133e+02 2.817078453115349745e+01
2.617647999999999797e+02 2.828003524983897776e+01
2.620057400000000030e+02 2.818960901909935757e+01
2.622466400000000135e+02 2.829688159676527448e+01
2.624875799999999799e+02 2.827481024123768449e+01
2.627284900000000221e+02 2.830537735949184253e+01
2.629694200000000137e+02 2.826216722358690703e+01
2.632103599999999801e+02 2.828022076248509009e+01
2.634512599999999907e+02 2.827962487530438551e+01
2.636922000000000139e+02 2.836370160599308221e+01
2.639331399999999803e+02 2.827753640618250941e+01
2.641740399999999909e+02 2.834572288714694821e+01
2.644149800000000141e+02 2.829312841119726940e+01
2.646558800000000247e+02 2.834147256492947875e+01
2.648968199999999911e+02 2.837553706485212501e+01
2.651377600000000143e+02 2.836081020392617447e+01
2.653786600000000249e+02 2.842156466748983235e+01
2.656195999999999913e+02 2.841880420808956131e+01
2.658605299999999829e+02 2.843196197129848812e+01
2.661014400000000251e+02 2.852423049197148686e+01
2.663423799999999915e+02 2.840296889519283496e+01
2.665832800000000020e+02 2.844023997551076732e+01
2.668242200000000253e+02 2.853410545260096853e+01
2.670651599999999917e+02 2.846228982072292268e+01
2.673060600000000022e+02 2.849222437165902022e+01
2.675470000000000255e+02 2.853237221845340343e+01
2.677879300000000171e+02 2.848530288370671570e+01
2.680288400000000024e+02 2.849390497414306722e+01
2.682697800000000257e+02 2.858028400462409380e+01
2.685106799999999794e+02 2.861362352822809996e+01
2.687516200000000026e+02 2.858992059573523292e+01
2.689925499999999943e+02 2.855613485458181700e+01
2.692334599999999796e+02 2.861331194384866805e+01
2.694744000000000028e+02 2.858382938629107528e+01
2.697153299999999945e+02 2.858256033782055638e+01
2.699562399999999798e+02 2.862464449106409958e+01
2.701971700000000283e+02 2.865066931414774487e+01
2.704380800000000136e+02 2.865490308843941847e+01
2.706790199999999800e+02 2.871499038491686306e+01
2.709199499999999716e+02 2.868490214868078070e+01
2.711608600000000138e+02 2.868213685281632053e+01
2.714017900000000054e+02 2.869371523874862717e+01
2.716427299999999718e+02 2.872818323654157524e+01
2.718836400000000140e+02 2.872684402762671851e+01
2.721245700000000056e+02 2.872630194097963852e+01
2.723654799999999909e+02 2.877513530159171040e+01
2.726064099999999826e+02 2.880814707948209374e+01
2.728473500000000058e+02 2.876373525035464240e+01
2.730882599999999911e+02 2.880747459717395387e+01
2.733291899999999828e+02 2.876583163494962747e+01
2.735701300000000060e+02 2.876529148598482877e+01
2.738110399999999913e+02 2.875314910234233778e+01
2.740519699999999830e+02 2.877200789938444103e+01
2.742928800000000251e+02 2.882258905290155582e+01
2.745338100000000168e+02 2.886887283316660202e+01
2.747747499999999832e+02 2.883355139733437866e+01
2.750156600000000253e+02 2.888166479809353504e+01
2.752565900000000170e+02 2.865114915619997049e+01
2.754975299999999834e+02 2.881429816856741866e+01
2.757384299999999939e+02 2.884953154020886501e+01
2.759793700000000172e+02 2.894012515796539731e+01
2.762202800000000025e+02 2.886863093318165241e+01
2.764612099999999941e+02 2.895630937532478910e+01
2.767021500000000174e+02 2.898289585759564346e+01
2.769430500000000279e+02 2.891347946279358538e+01
2.771839899999999943e+02 2.899597102857925535e+01
2.774249300000000176e+02 2.898348006026767720e+01
2.776658300000000281e+02 2.900001033335388811e+01
2.779067699999999945e+02 2.902659563334758275e+01
2.781476700000000051e+02 2.901249977159611859e+01
2.783886100000000283e+02 2.905558435633430037e+01
2.786295499999999947e+02 2.907827748559264691e+01
2.788704500000000053e+02 2.907169331732479023e+01
2.791113899999999717e+02 2.912791116289595905e+01
2.793523299999999949e+02 2.891128228112098597e+01
2.795932300000000055e+02 2.914563552816918346e+01
2.798341699999999719e+02 2.913014738880298182e+01
2.800750699999999824e+02 2.920416172056549442e+01
2.803160100000000057e+02 2.917638234503410288e+01
2.805569499999999721e+02 2.913980159495964628e+01
2.807978499999999826e+02 2.925718459514670045e+01
2.810387900000000059e+02 2.926654984831227679e+01
2.812797199999999975e+02 2.926109933751710557e+01
2.815206299999999828e+02 2.922598680036625041e+01
2.817615700000000061e+02 2.924930255965737302e+01
2.820024700000000166e+02 2.929423897044760139e+01
2.822434099999999830e+02 2.929924559058944666e+01
2.824843399999999747e+02 2.924959270721224414e+01
2.827252500000000168e+02 2.931039111197801361e+01
2.829661899999999832e+02 2.919111594215550909e+01
2.832071199999999749e+02 2.937745302922206747e+01
2.834480300000000170e+02 2.929699923673867801e+01
2.836889600000000087e+02 2.939880266509169715e+01
2.839298699999999940e+02 2.944586278437695270e+01
2.841708100000000172e+02 2.944444755959123938e+01
2.844117400000000089e+02 2.943265010345543686e+01
2.846526499999999942e+02 2.946842436804708498e+01
2.848935900000000174e+02 2.956747337290564204e+01
2.851345200000000091e+02 2.941200857311808292e+01
2.853754299999999944e+02 2.949567571239395747e+01
2.856163599999999860e+02 2.948075032887132352e+01
2.858572700000000282e+02 2.949022114909249481e+01
2.860982099999999946e+02 2.957505279674092336e+01
2.863391399999999862e+02 2.955427896020217204e+01
2.865800500000000284e+02 2.953307984613515913e+01
2.868209800000000200e+02 2.962385519343098039e+01
2.870619199999999864e+02 2.956042205465526962e+01
2.873028299999999717e+02 2.962586924846712577e+01
2.875437600000000202e+02 2.959897450573927813e+01
2.877846700000000055e+02 2.957800072726329432e+01
2.880255999999999972e+02 2.951069539559491162e+01
2.882665400000000204e+02 2.967639039843427540e+01
2.885074500000000057e+02 2.970950525341437753e+01
2.887483799999999974e+02 2.972216209787302432e+01
2.889893200000000206e+02 2.969376820932050620e+01
2.892302199999999743e+02 2.963270044357857813e+01
2.894711599999999976e+02 2.965363132813262936e+01
2.897120699999999829e+02 2.972179219134503825e+01
2.899529999999999745e+02 2.973638271229435404e+01
2.901939399999999978e+02 2.979112974604149500e+01
2.904348400000000083e+02 2.980079552584601998e+01
2.906757799999999747e+02 2.979052857756470019e+01
2.909167199999999980e+02 2.979197095498689407e+01
2.911576200000000085e+02 2.984576550963005559e+01
2.913985599999999749e+02 2.987481704859751375e+01
2.916394700000000171e+02 2.985636210309515448e+01
2.918804000000000087e+02 2.980838030562286889e+01
2.921213399999999751e+02 2.980951540097656149e+01
2.923622399999999857e+02 2.991714238397466374e+01
2.926031800000000089e+02 2.989156231547280740e+01
2.928441199999999753e+02 2.998322636047490164e+01
2.930850199999999859e+02 2.987211098573508394e+01
2.933259600000000091e+02 2.991112520399849117e+01
2.935668600000000197e+02 2.994108508089857423e+01
2.938077999999999861e+02 2.993255222416919636e+01
2.940487400000000093e+02 3.004592563301756414e+01
2.942896400000000199e+02 3.002354528824570323e+01
2.945305799999999863e+02 3.000472588196769053e+01
2.947714799999999968e+02 3.001023570841215005e+01
2.950124200000000201e+02 3.008984168037699547e+01
2.952533599999999865e+02 3.011970776274802475e+01
2.954942599999999970e+02 3.011183540452009311e+01
2.957352000000000203e+02 3.006486574209798590e+01
2.959761399999999867e+02 3.012152032662356760e+01
2.962170399999999972e+02 3.014365078055746139e+01
2.964579800000000205e+02 3.025112037932426290e+01
2.966988799999999742e+02 3.020791650844209641e+01
2.969398199999999974e+02 3.025355223973697960e+01
2.971807600000000207e+02 3.023713462775056371e+01
2.974216599999999744e+02 3.028969111643706213e+01
2.976625999999999976e+02 3.029307857256176817e+01
2.979035299999999893e+02 3.029030762450053871e+01
2.981444399999999746e+02 3.036904857778228717e+01
2.983853799999999978e+02 3.038858134737156291e+01
2.986262800000000084e+02 3.037294570093229495e+01
2.988672199999999748e+02 3.040498534412393639e+01
2.991081500000000233e+02 3.043938343138806246e+01
2.993490600000000086e+02 3.047802580717642940e+01
2.995899999999999750e+02 3.044146350650238730e+01
2.998309300000000235e+02 3.043030074100936133e+01
3.000718400000000088e+02 3.050452043038715289e+01
3.003127700000000004e+02 3.046323483254656139e+01
3.005536799999999857e+02 3.037508257174897253e+01
3.007946200000000090e+02 3.039042591974052598e+01
3.010355500000000006e+02 3.038368493616517441e+01
3.012764599999999859e+02 3.027640026403318885e+01
3.015174000000000092e+02 3.026552759782158475e+01
3.017583300000000008e+02 3.037910025258400637e+01
3.019992399999999861e+02 3.033313290897399739e+01
3.022401699999999778e+02 2.988500755130820963e+01
3.024810800000000199e+02 3.027359263444398962e+01
3.027220199999999863e+02 3.036918289387213221e+01
3.029629499999999780e+02 3.039959834578596798e+01
3.032038600000000201e+02 3.039818144092635066e+01
3.034447900000000118e+02 3.026185708217331438e+01
3.036857299999999782e+02 3.008049209384123301e+01
3.039266400000000203e+02 3.017264427064188226e+01
3.041675700000000120e+02 3.013254305530276156e+01
3.044084799999999973e+02 3.037103954110699533e+01
3.046494099999999889e+02 3.053176383639215530e+01
3.048903500000000122e+02 3.059198906656900618e+01
3.051312599999999975e+02 3.055571442320829334e+01
3.053721899999999891e+02 3.063921511094211425e+01
3.056131300000000124e+02 3.075073482934359603e+01
3.058540300000000229e+02 3.079273146633618907e+01
3.060949699999999893e+02 3.076731963678120252e+01
3.063358799999999746e+02 3.082896064191860575e+01
3.065768100000000231e+02 3.087459702236777659e+01
3.068177499999999895e+02 3.081123203862113158e+01
3.070586500000000001e+02 3.052665977145843001e+01
3.072995900000000233e+02 3.057795353592879906e+01
3.075405299999999897e+02 3.060094433519929069e+01
3.077814300000000003e+02 3.076008702629120961e+01
3.080223700000000235e+02 3.078454197417784499e+01
3.082632800000000088e+02 3.088707132959719459e+01
3.085042100000000005e+02 3.087106999692413822e+01
3.087451500000000237e+02 3.086806950960611573e+01
3.089860499999999774e+02 3.097373625511804818e+01
3.092269900000000007e+02 3.103348154569579265e+01
3.094679300000000239e+02 3.091582864895435634e+01
3.097088299999999776e+02 3.099426898302406741e+01
3.099497700000000009e+02 3.105113869055989895e+01
3.101906700000000114e+02 3.094999438635857913e+01
3.104316099999999778e+02 3.097163198031405429e+01
3.106725500000000011e+02 3.109827222332189223e+01
3.109134500000000116e+02 3.115650000703979572e+01
3.111543899999999780e+02 3.117145926981357462e+01
3.113953200000000265e+02 3.135278006585906496e+01
3.116362300000000118e+02 3.128653684287866099e+01
3.118771699999999782e+02 3.138486515358552609e+01
3.121180699999999888e+02 3.130487633643162582e+01
3.123590100000000120e+02 3.147917238101920745e+01
3.125999499999999784e+02 3.165511798808260480e+01
3.128408499999999890e+02 3.139802114138557698e+01
3.130817900000000122e+02 3.149314248093401858e+01
3.133227200000000039e+02 3.155388729732315412e+01
3.135636299999999892e+02 3.159097028448725197e+01
3.138045700000000124e+02 3.177264956342059676e+01
3.140454700000000230e+02 3.171159392675096811e+01
3.142864099999999894e+02 3.177718725704106717e+01
3.145273399999999810e+02 3.165902051241469550e+01
3.147682500000000232e+02 3.173629313901380300e+01
3.150091899999999896e+02 3.186756219323099870e+01
3.152501199999999812e+02 3.191981671458250247e+01
3.154910300000000234e+02 3.197982422194166219e+01
3.157319600000000150e+02 3.196113682113497489e+01
3.159728700000000003e+02 3.207377976118775109e+01
3.162138100000000236e+02 3.199167522837514355e+01
3.164547400000000152e+02 3.194907804928872253e+01
3.166956500000000005e+02 3.200048988074664891e+01
3.169365799999999922e+02 3.210264526319574685e+01
3.171775200000000154e+02 3.182719447834508841e+01
3.174184300000000007e+02 3.219902928168306033e+01
3.176593599999999924e+02 3.202923781037574713e+01
3.179002699999999777e+02 3.221929926527382548e+01
3.181412000000000262e+02 3.212123636758806100e+01
3.183821399999999926e+02 3.212004310109763594e+01
3.186230499999999779e+02 3.222512096439051277e+01
3.188639800000000264e+02 3.237191194992569621e+01
3.191049199999999928e+02 3.244876409447009280e+01
3.193458299999999781e+02 3.244981547255305543e+01
3.195867600000000266e+02 3.236612181861502791e+01
3.198276700000000119e+02 3.247638491343691669e+01
3.200686000000000035e+02 3.230509018377146901e+01
3.203095400000000268e+02 3.258130368057944537e+01
3.205504500000000121e+02 3.241954751508963994e+01
3.207913800000000037e+02 3.275122671231640936e+01
3.210323200000000270e+02 3.256166634687244965e+01
3.212732199999999807e+02 3.253643778408056875e+01
3.215141600000000039e+02 3.259184344347846718e+01
3.217550699999999892e+02 3.264692296999865562e+01
3.219959999999999809e+02 3.266316618074039724e+01
3.222369400000000041e+02 3.249420505659988834e+01
3.224778400000000147e+02 3.275182895012650164e+01
3.227187799999999811e+02 3.276952105223242029e+01
3.229597200000000043e+02 3.282586477576820982e+01
3.232006200000000149e+02 3.276469568466531967e+01
3.234415599999999813e+02 3.296641952027722766e+01
3.236824599999999919e+02 3.279664219551641935e+01
3.239234000000000151e+02 3.290709057868794929e+01
3.241643399999999815e+02 3.294629300508070457e+01
3.244052399999999921e+02 3.287261347678064283e+01
3.246461800000000153e+02 3.307223336322226714e+01
3.248870800000000258e+02 3.312931204549319375e+01
3.251280199999999923e+02 3.316687439437070850e+01
3.253689600000000155e+02 3.310694775795992228e+01
3.256098600000000260e+02 3.310903125047129691e+01
3.258507999999999925e+02 3.302718786099135428e+01
3.260917400000000157e+02 3.304933602657173708e+01
3.263326400000000262e+02 3.317283942895871718e+01
3.265735799999999927e+02 3.333550275782032202e+01
3.268144800000000032e+02 3.324494551865651459e+01
3.270554200000000264e+02 3.319761184038159740e+01
3.272963599999999929e+02 3.321074871980493270e+01
3.275372600000000034e+02 3.297173406089722647e+01
3.277782000000000266e+02 3.299109886041419060e+01
3.280191300000000183e+02 3.321586695791697963e+01
3.282600400000000036e+02 3.316676914375420893e+01
3.285009800000000268e+02 3.341613784964940237e+01
3.287418799999999806e+02 3.350070453415552407e+01
3.289828200000000038e+02 3.311778841134930929e+01
3.292237499999999955e+02 3.336921786418879776e+01
3.294646599999999808e+02 3.323818280401077629e+01
3.297056000000000040e+02 3.330949491198823864e+01
3.299465299999999957e+02 3.356099736772692665e+01
3.301874399999999810e+02 3.356262455866722405e+01
3.304283800000000042e+02 3.313998564545566694e+01
3.306692800000000148e+02 3.341694387230978691e+01
3.309102199999999812e+02 3.319259735510956233e+01
3.311511499999999728e+02 3.343549186454294642e+01
3.313920600000000150e+02 3.317594665133243836e+01
3.316329999999999814e+02 3.333438260927174213e+01
3.318739299999999730e+02 3.345664090004396485e+01
3.321148400000000152e+02 3.344843515482975249e+01
3.323557700000000068e+02 3.350228625819966766e+01
3.325966799999999921e+02 3.335484498926752650e+01
3.328376200000000154e+02 3.350635728210479414e+01
3.330785500000000070e+02 3.326805624635211700e+01
3.333194599999999923e+02 3.330921886609371541e+01
3.335603899999999840e+02 3.369143874409633099e+01
3.338013300000000072e+02 3.345558885896377177e+01
3.340422399999999925e+02 3.357205909736244109e+01
3.342831699999999842e+02 3.377393643782730948e+01
3.345240800000000263e+02 3.354054553326039922e+01
3.347650100000000180e+02 3.343605554474508068e+01
3.350059499999999844e+02 3.376421090674831049e+01
3.352468600000000265e+02 3.384827242564253424e+01
3.354877900000000182e+02 3.351965515545387575e+01
3.357287299999999846e+02 3.339328890113110759e+01
3.359696400000000267e+02 3.391403950638738252e+01
3.362105700000000184e+02 3.351926580029933689e+01
3.364514800000000037e+02 3.374143913648891413e+01
3.366924099999999953e+02 3.385212148113785702e+01
3.369333500000000186e+02 3.402904864478840352e+01
3.371742600000000039e+02 3.373013770394538824e+01
3.374151899999999955e+02 3.379496841349437375e+01
3.376561300000000188e+02 3.405139716746328560e+01
3.378970299999999725e+02 3.375290515384077139e+01
3.381379699999999957e+02 3.384618665969397000e+01
3.383788799999999810e+02 3.373030472489815423e+01
3.386198099999999727e+02 3.405466196547335045e+01
3.388607499999999959e+02 3.421200698018406428e+01
3.391016500000000065e+02 3.417501297316633924e+01
3.393425899999999729e+02 3.419459655472464732e+01
3.395835299999999961e+02 3.422038187565968315e+01
3.398244300000000067e+02 3.422130791174526365e+01
3.400653699999999731e+02 3.383803864745914325e+01
3.403062699999999836e+02 3.405531390818980952e+01
3.405472100000000069e+02 3.399290483799129703e+01
3.407881499999999733e+02 3.438497157599060472e+01
3.410290499999999838e+02 3.415598982583615140e+01
3.412699900000000071e+02 3.391679191712552921e+01
3.415109299999999735e+02 3.416126075206356916e+01
3.417518299999999840e+02 3.483008771469511089e+01
3.419927700000000073e+02 3.466472794661463297e+01
3.422336700000000178e+02 3.471848564814920479e+01
3.424746099999999842e+02 3.454088636947284385e+01
3.427155500000000075e+02 3.420905429388750463e+01
3.429564500000000180e+02 3.442972647219083626e+01
3.431973899999999844e+02 3.425230733577807740e+01
3.434383199999999761e+02 3.482337147487557871e+01
3.436792300000000182e+02 3.391948909664923661e+01
3.439201699999999846e+02 3.433337230260840300e+01
3.441610699999999952e+02 3.455698010054398139e+01
3.444020100000000184e+02 3.384037183719802755e+01
3.446429400000000101e+02 3.446670063439430010e+01
3.448838499999999954e+02 3.420731354106423794e+01
3.451247900000000186e+02 3.420691489909372507e+01
3.453657200000000103e+02 3.409278317408084291e+01
3.456066299999999956e+02 3.413172526159883091e+01
3.458475599999999872e+02 3.439865291961327642e+01
3.460884699999999725e+02 3.411200756523905397e+01
3.463294099999999958e+02 3.393881815310574268e+01
3.465703399999999874e+02 3.387785077873918027e+01
3.468112499999999727e+02 3.406280385120807352e+01
3.470521899999999960e+02 3.387185077599643535e+01
3.472931199999999876e+02 3.415032420950705472e+01
3.475340299999999729e+02 3.373887723075224443e+01
3.477749600000000214e+02 3.389299313947270065e+01
3.480158700000000067e+02 3.394973585084373013e+01
3.482568099999999731e+02 3.336348775264089284e+01
3.484977400000000216e+02 3.382376272300084707e+01
3.487386500000000069e+02 3.294929294275038245e+01
3.489795799999999986e+02 3.326822755854664848e+01
3.492205200000000218e+02 3.270152262132792487e+01
3.494614300000000071e+02 3.404185048735277519e+01
3.497023599999999988e+02 3.251350348859843820e+01
3.499432699999999841e+02 3.267564951760227387e+01
3.501841999999999757e+02 3.265293782488927832e+01
3.504251399999999990e+02 3.295071240268435986e+01
3.506660499999999843e+02 3.157752773543209202e+01
3.509069799999999759e+02 3.328006641357628581e+01
3.511479199999999992e+02 3.218163674410565278e+01
3.513888200000000097e+02 3.385876511388709531e+01
3.516297599999999761e+02 3.228631812913205579e+01
3.518706700000000183e+02 3.308473228575211067e+01
3.521116000000000099e+02 3.194063576005292404e+01
3.523525399999999763e+02 3.224382366517646403e+01
3.525934399999999869e+02 3.214865327293691166e+01
3.528343800000000101e+02 3.138483922127895198e+01
3.530753199999999765e+02 3.034753818615784127e+01
3.533162199999999871e+02 2.968449000989523867e+01
3.535571600000000103e+02 2.938866843996494183e+01
3.537980699999999956e+02 2.809624304479647350e+01
3.540389999999999873e+02 2.769632467537188347e+01
3.542799400000000105e+02 2.629809484229754446e+01
3.545208400000000211e+02 2.654896208629744336e+01
3.547617799999999875e+02 2.992246404736527765e+01
3.550026899999999728e+02 3.110129447283324566e+01
3.552436200000000213e+02 2.385398387284498867e+01
3.554845599999999877e+02 1.868373788586241702e+01
