#number,time,diff_x,diff_y,pe1_stats1_total,diff_x_user_setpoint,diff_y_user_setpoint,pe1_image
001,1479168942.2670965,9.4,25.44,20485912682.669235,9.4,25.44,fb23649e-1e8b-4301-9dc7-e760d0960687
002,1479169013.5863853,9.4,24.44,20485615533.119995,9.4,24.44,57e644eb-73ac-4fa7-856d-a2dabaac5958
003,1479169084.9390132,9.4,23.44,20487242088.026474,9.4,23.44,b3c657c9-ad77-40fa-8c48-e8422898f812
004,1479169156.4558601,9.4,22.44,20484885477.162323,9.4,22.44,58c41b2b-284c-487d-87c1-862b92614fb0
005,1479169227.641954,9.4,21.44,20486896378.89325,9.4,21.44,86587a51-c404-4329-9e0d-dff434ba9266
006,1479169299.2180712,9.4,20.44,20486474436.184494,9.4,20.44,842f94b2-362f-47ab-b064-830264b25cf1
007,1479169370.1497047,9.4,19.44,20487101265.009155,9.4,19.44,4f19c079-04c3-4d5d-a597-a4c60b235940
008,1479169441.5314999,9.4,18.44,20485919768.597717,9.4,18.44,fc00fa82-30e3-44d4-8d72-25113bc35f45
009,1479169504.5198936,8.4,18.44,20487005510.72267,8.4,18.44,6734fdd5-7fdd-4264-b507-54400f54cff1
010,1479169576.276181,8.4,19.44,20486740093.849228,8.4,19.44,2dd56ecd-99e8-4cb0-b24a-c50ba6d69e0e
011,1479169647.5301826,8.4,20.44,20487779365.801422,8.4,20.44,7cb618bc-639f-4119-9e6d-1edd138f7e1b
012,1479169719.006172,8.4,21.44,20487135810.38893,8.4,21.44,85c46601-59ef-4815-b24d-afdf1d8ef5b7
013,1479169790.3432777,8.4,22.44,20485247284.64888,8.4,22.44,d9fcb943-60c4-404d-98b3-bdb87ddf8f55
014,1479169861.737217,8.4,23.44,20486307488.09056,8.4,23.44,536b1714-744c-4e24-9a51-1dfe59523acf
015,1479169933.1368294,8.4,24.44,20486602930.043823,8.4,24.44,687e6bdd-b753-495f-ae00-4bb1ef62d959
016,1479170004.5134516,8.4,25.44,20486336963.398956,8.4,25.44,bc66601a-e7e2-4804-9baf-29cb00507ad8
017,1479170067.559903,7.4,25.44,20485891640.485703,7.4,25.44,1cb3564b-e357-4871-9084-68a8088e5ebd
018,1479170139.0050027,7.4,24.44,20487321307.547165,7.4,24.44,3df4f547-f69a-4ad0-817a-fccf6bf7f55a
019,1479170210.3756976,7.4,23.44,20487971035.759598,7.4,23.44,6969a2fc-abfe-4f3a-83b5-6f4abc1bd447
020,1479170281.7873998,7.4,22.44,20487943946.915543,7.4,22.44,cf6c98d0-139a-4d63-84ca-c01b987dd813
021,1479170353.2190125,7.4,21.44,20486755491.192596,7.4,21.44,c02dd416-e8c3-4dca-b5be-f69df3eddb67
022,1479170424.5065167,7.4,20.44,20485765706.5513,7.4,20.44,f600afb8-6c7d-46ea-9053-62605cd9aa93
023,1479170495.9228256,7.4,19.44,20486895185.762985,7.4,19.44,69e13dbd-91e0-40e0-ba57-f561b0c56026
024,1479170567.2876651,7.4,18.44,20487022848.045197,7.4,18.44,1977ecda-da03-45d2-a3c4-c65daf0b1616
025,1479170630.3970914,6.4,18.44,20486657883.943085,6.4,18.44,34167b81-b0c8-4aa0-a901-3764dc136671
026,1479170702.0411758,6.4,19.44,20487146337.09999,6.4,19.44,3baafa96-ba3a-455c-a6e5-919bafc11758
027,1479170773.4189117,6.4,20.44,20485931774.40901,6.4,20.44,bacd0a6e-c903-4597-830b-8587b808836f
028,1479170844.844256,6.4,21.44,20487538963.42549,6.4,21.44,7ce05264-3a67-4d2e-b4d3-c5e38a6ea1a4
029,1479170916.2114038,6.4,22.44,20488068015.74547,6.4,22.44,db8dd5b9-c30f-48da-b6f0-eeb3636a5313
030,1479170987.3072078,6.4,23.44,20488282426.954697,6.4,23.44,e4039435-9bcf-45c1-a163-20c0fa7046f6
031,1479171058.7726812,6.4,24.44,20488949816.676727,6.4,24.44,7453335e-3d6f-40c8-ae5b-ae2a2ddc5cff
032,1479171130.2018619,6.4,25.44,20485710075.563217,6.4,25.44,dc85f8eb-ad5c-4cc0-876e-6e6038132505
033,1479171193.2108028,5.4,25.44,20486169532.21582,5.4,25.44,06aa38e7-236e-43a3-9263-7dd8a1b2437d
034,1479171264.5123303,5.4,24.44,20486298742.773483,5.4,24.44,c263a5b3-132e-4ea4-937b-8347d1edb2d3
035,1479171336.1837535,5.4,23.44,20490099061.377792,5.4,23.44,90312d24-4fc3-48b9-a5e2-25867dd306a8
036,1479171407.9741325,5.4,22.44,20489488923.31566,5.4,22.44,549eb84f-ee76-44af-be2c-94fedbff5663
037,1479171479.4428241,5.4,21.44,20485686764.70056,5.4,21.44,4303a9d6-8de4-45f8-b49e-d06d74271333
038,1479171551.1361427,5.4,20.44,20486708003.174454,5.4,20.44,fa084030-c08a-43be-8a9d-5ff2667c0e0a
039,1479171622.5819213,5.4,19.44,20487430647.734863,5.4,19.44,41d2e2e9-26f4-4149-8614-2096faf5d070
040,1479171693.951685,5.4,18.44,20486369616.25792,5.4,18.44,3d7eb752-4d72-445d-80e3-3c335bcf8dad
041,1479171757.0477648,4.4,18.44,20486316959.193863,4.4,18.44,d241b567-2c30-4951-a3e9-24d7f5b1d96a
042,1479171828.5429666,4.4,19.44,20487329120.950897,4.4,19.44,170816aa-089b-4a72-ba22-fe3e8ccea851
043,1479171899.9563527,4.4,20.44,20485050741.346848,4.4,20.44,6d22c724-4592-427e-b9a0-aabe403c2f23
044,1479171971.321238,4.4,21.44,20485618082.584305,4.4,21.44,051e089c-5239-4480-870c-a96ef483fdd8
045,1479172042.6573517,4.4,22.44,20486759737.919342,4.4,22.44,e913a2a0-fde3-4c9f-acde-97925f8f3d89
046,1479172113.7064474,4.4,23.44,20487692176.92105,4.4,23.44,6dad9705-2b69-478d-b6f2-408c9f2167ce
047,1479172185.1589532,4.4,24.44,20486772266.760345,4.4,24.44,9fbfa598-7c2e-4dab-80a6-cfa793c1f1c7
048,1479172256.5729733,4.4,25.44,20485680245.02951,4.4,25.44,458776d0-add4-4637-90d9-92ff95d02ea6
049,1479172319.9110448,3.4,25.44,20487517299.280655,3.4000000000000004,25.44,535cc1c6-d6c9-4779-b261-3d129348f1df
050,1479172391.4613724,3.4,24.44,20486616946.461502,3.4000000000000004,24.44,10f225e4-b370-40d0-8a94-f7f2fd317b05
051,1479172462.852021,3.4,23.44,20486470393.561905,3.4000000000000004,23.44,d3ffa40a-3af2-4540-92d5-c686507e4145
052,1479172534.2911441,3.4,22.44,20485229207.428574,3.4000000000000004,22.44,284bf92c-e477-403b-bba7-6f5e9806d307
053,1479172605.641711,3.4,21.44,20486235772.04106,3.4000000000000004,21.44,4e1e7d92-a8ed-46cf-a018-33a6e678f86d
054,1479172677.0189211,3.4,20.44,20486194644.55429,3.4000000000000004,20.44,10cf1960-d437-4770-bab7-bf3fd2d153f6
055,1479172748.4532216,3.4,19.44,20486990281.321243,3.4000000000000004,19.44,be795ed3-f7c7-4e0a-bb05-c05428f8fac7
056,1479172820.0632834,3.4,18.44,20487806430.810547,3.4000000000000004,18.44,7b49938c-1d06-448d-9202-8b4833536587
057,1479172883.2263625,2.4,18.44,20486230598.891068,2.4000000000000004,18.44,0740df1e-6f7d-4cee-a11c-9dd880107c7c
058,1479172954.5941193,2.4,19.44,20486464115.898987,2.4000000000000004,19.44,2e163f94-59dd-4e03-b139-9c7f9badd8e8
059,1479173025.9155765,2.4,20.44,20486147011.9646,2.4000000000000004,20.44,265b09d9-a9b7-4eff-83a4-547064338284
060,1479173097.003135,2.4,21.44,20486529232.01857,2.4000000000000004,21.44,94b6dfa4-3e52-4560-9b58-d10c488631c5
061,1479173168.4731066,2.4,22.44,20486650257.07831,2.4000000000000004,22.44,f5cacbf9-ede3-4cb9-bb63-aafe716022b5
062,1479173240.1404653,2.4,23.44,20487280707.911728,2.4000000000000004,23.44,749545ca-4af8-4e86-9e5a-deb0bcabd8b1
063,1479173311.658785,2.4,24.44,20485866537.779663,2.4000000000000004,24.44,efd4e41b-2c34-49f5-b74a-a9e25d7ac905
064,1479173383.0206516,2.4,25.44,20485696427.265305,2.4000000000000004,25.44,c990204c-8571-4f76-947e-c89ed14f1092
065,1479173446.3930244,1.4000000000000001,25.44,20486617604.19098,1.4000000000000004,25.44,84d805e9-d658-4420-9ea3-d26f13d0123e
066,1479173517.7341292,1.4000000000000001,24.44,20486190258.67781,1.4000000000000004,24.44,4d714c35-1830-4265-9b24-9ea55324117e
067,1479173589.11755,1.4000000000000001,23.44,20486512404.87654,1.4000000000000004,23.44,8345a612-6c25-4b10-b092-ef4adf33fd99
068,1479173660.5653002,1.4000000000000001,22.44,20486294039.716797,1.4000000000000004,22.44,3663da5c-93e2-4000-94a0-c5fadd96759b
069,1479173731.8913834,1.4000000000000001,21.44,20485108135.530243,1.4000000000000004,21.44,f373aea3-7bc1-48c9-9964-b64ee00ae6fa
070,1479173803.3775454,1.4000000000000001,20.44,20485721963.704132,1.4000000000000004,20.44,be5574eb-b65d-4d6b-b069-8cc1058c2e2e
071,1479173875.0259686,1.4000000000000001,19.44,20487644538.526993,1.4000000000000004,19.44,03ceb56d-bae1-4d29-ba5a-1e44bd11f321
072,1479173946.9557562,1.4000000000000001,18.44,20485227939.615387,1.4000000000000004,18.44,221bd649-932e-4c5a-ab9d-f24f1c0de277
073,1479174010.1149995,0.4,18.44,20485345647.5186,0.40000000000000036,18.44,7f012669-c35f-42f2-b766-f6d930570022
074,1479174081.5770295,0.4,19.44,20485857788.29962,0.40000000000000036,19.44,a991383e-d3e9-4d6d-8151-25b6f3ea157e
075,1479174152.9580967,0.4,20.44,20487093993.561035,0.40000000000000036,20.44,5de8d855-1b37-4668-896a-4cfe4ed5baf5
076,1479174224.3392045,0.4,21.44,20485915713.82422,0.40000000000000036,21.44,71e26303-1d4a-4bf4-9447-d8c7d8a36037
077,1479174295.4390988,0.4,22.44,20487237771.40442,0.40000000000000036,22.44,57f56235-653d-4914-967c-eb8d921eb8b3
078,1479174366.9010763,0.4,23.44,20487005771.1882,0.40000000000000036,23.44,3769e291-efe6-4b12-b7f3-60721d21eb7f
079,1479174437.9860244,0.4,24.44,20485696129.860886,0.40000000000000036,24.44,c433e463-b02d-44c6-8572-7347fc954198
080,1479174509.4795902,0.4,25.44,20486250067.397583,0.40000000000000036,25.44,1c1609c4-cfa3-4ca8-963c-bbf669033fc7
081,1479174572.5475814,-0.6,25.44,20487110677.107986,-0.5999999999999996,25.44,e1d10724-105e-49da-a913-2ea2bfc6b1c2
082,1479174644.2149727,-0.6,24.44,20485972939.717056,-0.5999999999999996,24.44,dc8ba0d9-fcad-496e-8478-916970ba0670
083,1479174715.5985458,-0.6,23.44,20487483264.154037,-0.5999999999999996,23.44,68e320eb-1205-4103-877c-ac4d91d28266
084,1479174786.9808633,-0.6,22.44,20486507996.47499,-0.5999999999999996,22.44,415c63b5-b5cc-4eb6-9043-c77dff2cab1c
085,1479174858.3706067,-0.6,21.44,20485651843.915604,-0.5999999999999996,21.44,e74a91ad-b9e6-47dc-ae1d-4eeabddbdb6c
086,1479174929.7222548,-0.6,20.44,20487550984.827484,-0.5999999999999996,20.44,1106f139-92d5-4d7e-9fd0-d760949c56f5
087,1479175001.1412745,-0.6,19.44,20486667416.363144,-0.5999999999999996,19.44,70b336b4-e531-4856-a9a0-cf8213cac334
088,1479175072.4295723,-0.6,18.44,20486513569.065643,-0.5999999999999996,18.44,bb5f3d6c-3fc3-435b-9dcf-07cdd79eedeb
089,1479175135.840195,-1.6,18.44,20487440434.197723,-1.5999999999999996,18.44,5004fecc-0be9-4bca-ad54-929ac3c5ef6e
090,1479175207.5367286,-1.6,19.44,20487974860.31575,-1.5999999999999996,19.44,d0aaa5a7-606b-4ddb-9566-fcfc535e7e29
091,1479175279.317488,-1.6,20.44,20487132370.581802,-1.5999999999999996,20.44,aae0330d-c214-4c76-b774-87ba0441739a
092,1479175350.7809677,-1.6,21.44,20487168913.793854,-1.5999999999999996,21.44,1998d2f0-bef1-4ebc-bd69-5265cc956718
093,1479175422.1602457,-1.6,22.44,20487834741.172974,-1.5999999999999996,22.44,a5a01606-723c-44a1-9c3e-f972bdc0f016
094,1479175493.5276842,-1.6,23.44,20487851512.668472,-1.5999999999999996,23.44,533a8dc8-80d2-44a8-92da-4d4a1b925897
095,1479175564.6725705,-1.6,24.44,20486421628.655457,-1.5999999999999996,24.44,d7e45f1f-45b9-4415-8857-10db967f54b2
096,1479175636.126482,-1.6,25.44,20486408026.243958,-1.5999999999999996,25.44,6419fb91-78a6-465f-bb7a-d8c7ba515127
097,1479175699.1820858,-2.6,25.44,20485735249.968903,-2.5999999999999996,25.44,d2ceabb2-fd2c-4c4d-9269-34c336255ca0
098,1479175770.1387134,-2.6,24.44,20487671406.81279,-2.5999999999999996,24.44,2a05cda5-221a-4c37-8d7d-a13cebff8a51
099,1479175841.339342,-2.6,23.44,20489083213.074936,-2.5999999999999996,23.44,4ef693f1-4df6-4e8a-998d-2bf07bb8fa77
100,1479175913.1255496,-2.6,22.44,20489784312.249832,-2.5999999999999996,22.44,526d46fc-47d1-49e9-80c0-cae4da5e4d63
101,1479175984.5955257,-2.6,21.44,20487454757.513107,-2.5999999999999996,21.44,5b9e582e-7e40-46aa-9517-fcfc3d2889f3
102,1479176056.0247307,-2.6,20.44,20487183361.780975,-2.5999999999999996,20.44,f6c3b3bd-a5a6-4e29-8123-ef730b75eb23
103,1479176127.3802073,-2.6,19.44,20486979986.18509,-2.5999999999999996,19.44,bce159ca-c30c-48f4-818d-5c77407b385c
104,1479176198.7184951,-2.6,18.44,20488002934.643402,-2.5999999999999996,18.44,922761f0-b849-44ac-b5a9-48bd78851f3e
105,1479176261.810538,-3.6,18.44,20486984150.510406,-3.5999999999999996,18.44,2bd2bd00-1800-4849-a703-97a5b18129c6
106,1479176333.4061017,-3.6,19.44,20486503916.42656,-3.5999999999999996,19.44,3acab7b5-bf2e-4b00-b6b5-544f2459bc5e
107,1479176404.8362138,-3.6,20.44,20487693588.850998,-3.5999999999999996,20.44,c3777c45-53c1-420a-88ee-fa4fa10c059a
108,1479176476.2626407,-3.6,21.44,20489355321.404327,-3.5999999999999996,21.44,f5503c9d-18cc-4475-80dc-a26453be73ad
109,1479176547.611067,-3.6,22.44,20490417943.782013,-3.5999999999999996,22.44,a216f1c1-e80a-4837-abd8-621e60f1837d
110,1479176618.9340875,-3.6,23.44,20487429047.453995,-3.5999999999999996,23.44,532fcdda-6dba-4674-bd32-2b207d0d4c83
111,1479176690.7465153,-3.6,24.44,20486681592.53186,-3.5999999999999996,24.44,c348c386-06ac-4320-a245-77e036f0244e
112,1479176762.135392,-3.6,25.44,20487134269.426483,-3.5999999999999996,25.44,0322e4dd-5095-499f-afd4-c4e0306d8b5d
113,1479176825.23181,-4.6000000000000005,25.44,20486324323.146927,-4.6,25.44,7b1fc154-568a-40b9-9f08-fee053bb782e
114,1479176896.7746992,-4.6000000000000005,24.44,20488811798.557495,-4.6,24.44,2296b3e5-598d-4624-8520-879696794055
115,1479176968.3172204,-4.6000000000000005,23.44,20490411362.8452,-4.6,23.44,10ca8cdd-9679-4090-98fd-e40e54d68013
116,1479177039.6448007,-4.6000000000000005,22.44,20487773805.627747,-4.6,22.44,90353c78-13d6-4c37-9a49-e3f808eda43a
117,1479177111.0367842,-4.6000000000000005,21.44,20490262866.00093,-4.6,21.44,ac6e68af-68d5-4379-bb29-1e8f893b7b8c
118,1479177182.065015,-4.6000000000000005,20.44,20486350301.127304,-4.6,20.44,ebea8651-ec82-4f11-92fd-64bd12edfafc
119,1479177253.376677,-4.6000000000000005,19.44,20488410233.651474,-4.6,19.44,c6c127bf-0e29-428d-b408-42b3fe7356b4
120,1479177324.8059385,-4.6000000000000005,18.44,20488183137.04045,-4.6,18.44,6a3ee899-4315-4756-afd2-319699af8d9e
121,1479177387.846365,-5.6000000000000005,18.44,20488335959.816315,-5.6,18.44,dacb2c10-2741-4f6a-a786-3c1eca569773
122,1479177459.3477855,-5.6000000000000005,19.44,20488005858.850586,-5.6,19.44,2add64cc-44b8-4bd6-92a5-7c1a053d6ba3
123,1479177530.7393625,-5.6000000000000005,20.44,20488055613.569504,-5.6,20.44,ba3e4700-48cb-432a-b03f-2c9fa05908a2
124,1479177602.2119222,-5.6000000000000005,21.44,20488124867.696747,-5.6,21.44,19a105ca-b809-4ee5-ad0e-b3faaba90c81
125,1479177673.8302124,-5.6000000000000005,22.44,20488970857.68965,-5.6,22.44,7f07d875-df15-4e7f-97cf-a30a92e4169f
126,1479177745.2540648,-5.6000000000000005,23.44,20487607480.166885,-5.6,23.44,5415fab3-dee3-4036-8de7-a34473329e8b
127,1479177816.6318667,-5.6000000000000005,24.44,20486281394.920273,-5.6,24.44,18885fd7-4c06-42da-88f5-ac3b4812f870
128,1479177888.0032322,-5.6000000000000005,25.44,20486672687.845993,-5.6,25.44,9b51866c-eba4-4990-8b2c-5769431e4cd2
129,1479177951.0482104,-6.6000000000000005,25.44,20486872486.328262,-6.6,25.44,a3146e80-3c15-495f-8c38-0cf6567374c1
130,1479178022.3326032,-6.6000000000000005,24.44,20486450261.94661,-6.6,24.44,48aa6c12-8441-4802-bae5-bbbfa03e5f5e
131,1479178094.018396,-6.6000000000000005,23.44,20487294641.340103,-6.6,23.44,373e7e47-0bae-4193-8f06-47900d448d0b
132,1479178165.2950969,-6.6000000000000005,22.44,20487656709.852097,-6.6,22.44,dd32a303-54f8-4989-af19-c9c0cb312799
133,1479178236.6631358,-6.6000000000000005,21.44,20486641742.875214,-6.6,21.44,dce92840-596d-4057-8609-b8f45b3c5f2f
134,1479178308.0408895,-6.6000000000000005,20.44,20485888969.175354,-6.6,20.44,976b7082-f957-433a-aeed-6694c2add261
135,1479178379.4360194,-6.6000000000000005,19.44,20486544164.707535,-6.6,19.44,10652248-37f2-4412-bdde-9c2a750da310
136,1479178450.802713,-6.6000000000000005,18.44,20485285643.61711,-6.6,18.44,f50e272c-b876-4f9f-90cf-a938e0875b01
