,Unnamed: 0,#number,time,diff_x,diff_y,pe1_stats1_total,diff_x_user_setpoint,diff_y_user_setpoint,pe1_image,filename
0,0,1,1479168942.2670965,9.4,25.44,20485912682.66924,9.4,25.44,fb23649e-1e8b-4301-9dc7-e760d0960687,Catalyst_Array_DenseMap_075785_0001.chi
1,1,2,1479169013.5863853,9.4,24.44,20485615533.119995,9.4,24.44,57e644eb-73ac-4fa7-856d-a2dabaac5958,Catalyst_Array_DenseMap_075785_0002.chi
2,2,3,1479169084.9390132,9.4,23.44,20487242088.026474,9.4,23.44,b3c657c9-ad77-40fa-8c48-e8422898f812,Catalyst_Array_DenseMap_075785_0003.chi
3,3,4,1479169156.45586,9.4,22.44,20484885477.162327,9.4,22.44,58c41b2b-284c-487d-87c1-862b92614fb0,Catalyst_Array_DenseMap_075785_0004.chi
4,4,5,1479169227.641954,9.4,21.44,20486896378.89325,9.4,21.44,86587a51-c404-4329-9e0d-dff434ba9266,Catalyst_Array_DenseMap_075785_0005.chi
5,5,6,1479169299.2180712,9.4,20.44,20486474436.18449,9.4,20.44,842f94b2-362f-47ab-b064-830264b25cf1,Catalyst_Array_DenseMap_075785_0006.chi
6,6,7,1479169370.1497047,9.4,19.44,20487101265.009155,9.4,19.44,4f19c079-04c3-4d5d-a597-a4c60b235940,Catalyst_Array_DenseMap_075785_0007.chi
7,7,8,1479169441.5315,9.4,18.44,20485919768.597717,9.4,18.44,fc00fa82-30e3-44d4-8d72-25113bc35f45,Catalyst_Array_DenseMap_075785_0008.chi
8,8,9,1479169504.5198936,8.4,18.44,20487005510.722668,8.4,18.44,6734fdd5-7fdd-4264-b507-54400f54cff1,Catalyst_Array_DenseMap_075785_0009.chi
9,9,10,1479169576.276181,8.4,19.44,20486740093.849228,8.4,19.44,2dd56ecd-99e8-4cb0-b24a-c50ba6d69e0e,Catalyst_Array_DenseMap_075785_0010.chi
10,10,11,1479169647.5301824,8.4,20.44,20487779365.801426,8.4,20.44,7cb618bc-639f-4119-9e6d-1edd138f7e1b,Catalyst_Array_DenseMap_075785_0011.chi
11,11,12,1479169719.0061722,8.4,21.44,20487135810.38893,8.4,21.44,85c46601-59ef-4815-b24d-afdf1d8ef5b7,Catalyst_Array_DenseMap_075785_0012.chi
12,12,13,1479169790.3432775,8.4,22.44,20485247284.64888,8.4,22.44,d9fcb943-60c4-404d-98b3-bdb87ddf8f55,Catalyst_Array_DenseMap_075785_0013.chi
13,13,14,1479169861.737217,8.4,23.44,20486307488.09056,8.4,23.44,536b1714-744c-4e24-9a51-1dfe59523acf,Catalyst_Array_DenseMap_075785_0014.chi
14,14,15,1479169933.1368294,8.4,24.44,20486602930.043823,8.4,24.44,687e6bdd-b753-495f-ae00-4bb1ef62d959,Catalyst_Array_DenseMap_075785_0015.chi
15,15,16,1479170004.5134516,8.4,25.44,20486336963.39896,8.4,25.44,bc66601a-e7e2-4804-9baf-29cb00507ad8,Catalyst_Array_DenseMap_075785_0016.chi
16,16,17,1479170067.559903,7.4,25.44,20485891640.485703,7.4,25.44,1cb3564b-e357-4871-9084-68a8088e5ebd,Catalyst_Array_DenseMap_075785_0017.chi
17,17,18,1479170139.0050027,7.4,24.44,20487321307.54716,7.4,24.44,3df4f547-f69a-4ad0-817a-fccf6bf7f55a,Catalyst_Array_DenseMap_075785_0018.chi
18,18,19,1479170210.3756974,7.4,23.44,20487971035.7596,7.4,23.44,6969a2fc-abfe-4f3a-83b5-6f4abc1bd447,Catalyst_Array_DenseMap_075785_0019.chi
19,19,20,1479170281.7873998,7.4,22.44,20487943946.915543,7.4,22.44,cf6c98d0-139a-4d63-84ca-c01b987dd813,Catalyst_Array_DenseMap_075785_0020.chi
20,20,21,1479170353.2190125,7.4,21.44,20486755491.1926,7.4,21.44,c02dd416-e8c3-4dca-b5be-f69df3eddb67,Catalyst_Array_DenseMap_075785_0021.chi
21,21,22,1479170424.5065167,7.4,20.44,20485765706.5513,7.4,20.44,f600afb8-6c7d-46ea-9053-62605cd9aa93,Catalyst_Array_DenseMap_075785_0022.chi
22,22,23,1479170495.9228256,7.4,19.44,20486895185.762985,7.4,19.44,69e13dbd-91e0-40e0-ba57-f561b0c56026,Catalyst_Array_DenseMap_075785_0023.chi
23,23,24,1479170567.2876651,7.4,18.44,20487022848.0452,7.4,18.44,1977ecda-da03-45d2-a3c4-c65daf0b1616,Catalyst_Array_DenseMap_075785_0024.chi
24,24,25,1479170630.3970914,6.4,18.44,20486657883.943085,6.4,18.44,34167b81-b0c8-4aa0-a901-3764dc136671,Catalyst_Array_DenseMap_075785_0025.chi
25,25,26,1479170702.0411758,6.4,19.44,20487146337.09999,6.4,19.44,3baafa96-ba3a-455c-a6e5-919bafc11758,Catalyst_Array_DenseMap_075785_0026.chi
26,26,27,1479170773.4189115,6.4,20.44,20485931774.409008,6.4,20.44,bacd0a6e-c903-4597-830b-8587b808836f,Catalyst_Array_DenseMap_075785_0027.chi
27,27,28,1479170844.8442562,6.4,21.44,20487538963.42549,6.4,21.44,7ce05264-3a67-4d2e-b4d3-c5e38a6ea1a4,Catalyst_Array_DenseMap_075785_0028.chi
28,28,29,1479170916.2114036,6.4,22.44,20488068015.74547,6.4,22.44,db8dd5b9-c30f-48da-b6f0-eeb3636a5313,Catalyst_Array_DenseMap_075785_0029.chi
29,29,30,1479170987.3072078,6.4,23.44,20488282426.954697,6.4,23.44,e4039435-9bcf-45c1-a163-20c0fa7046f6,Catalyst_Array_DenseMap_075785_0030.chi
30,30,31,1479171058.7726812,6.4,24.44,20488949816.676727,6.4,24.44,7453335e-3d6f-40c8-ae5b-ae2a2ddc5cff,Catalyst_Array_DenseMap_075785_0031.chi
31,31,32,1479171130.2018619,6.4,25.44,20485710075.563217,6.4,25.44,dc85f8eb-ad5c-4cc0-876e-6e6038132505,Catalyst_Array_DenseMap_075785_0032.chi
32,32,33,1479171193.2108028,5.4,25.44,20486169532.21582,5.4,25.44,06aa38e7-236e-43a3-9263-7dd8a1b2437d,Catalyst_Array_DenseMap_075785_0033.chi
33,33,34,1479171264.5123305,5.4,24.44,20486298742.773483,5.4,24.44,c263a5b3-132e-4ea4-937b-8347d1edb2d3,Catalyst_Array_DenseMap_075785_0034.chi
34,34,35,1479171336.1837535,5.4,23.44,20490099061.377792,5.4,23.44,90312d24-4fc3-48b9-a5e2-25867dd306a8,Catalyst_Array_DenseMap_075785_0035.chi
35,35,36,1479171407.9741325,5.4,22.44,20489488923.31566,5.4,22.44,549eb84f-ee76-44af-be2c-94fedbff5663,Catalyst_Array_DenseMap_075785_0036.chi
36,36,37,1479171479.4428241,5.4,21.44,20485686764.700558,5.4,21.44,4303a9d6-8de4-45f8-b49e-d06d74271333,Catalyst_Array_DenseMap_075785_0037.chi
37,37,38,1479171551.1361427,5.4,20.44,20486708003.174454,5.4,20.44,fa084030-c08a-43be-8a9d-5ff2667c0e0a,Catalyst_Array_DenseMap_075785_0038.chi
38,38,39,1479171622.5819213,5.4,19.44,20487430647.734863,5.4,19.44,41d2e2e9-26f4-4149-8614-2096faf5d070,Catalyst_Array_DenseMap_075785_0039.chi
39,39,40,1479171693.951685,5.4,18.44,20486369616.25792,5.4,18.44,3d7eb752-4d72-445d-80e3-3c335bcf8dad,Catalyst_Array_DenseMap_075785_0040.chi
40,40,41,1479171757.0477648,4.4,18.44,20486316959.193863,4.4,18.44,d241b567-2c30-4951-a3e9-24d7f5b1d96a,Catalyst_Array_DenseMap_075785_0041.chi
41,41,42,1479171828.5429664,4.4,19.44,20487329120.950897,4.4,19.44,170816aa-089b-4a72-ba22-fe3e8ccea851,Catalyst_Array_DenseMap_075785_0042.chi
42,42,43,1479171899.9563527,4.4,20.44,20485050741.346848,4.4,20.44,6d22c724-4592-427e-b9a0-aabe403c2f23,Catalyst_Array_DenseMap_075785_0043.chi
43,43,44,1479171971.321238,4.4,21.44,20485618082.584305,4.4,21.44,051e089c-5239-4480-870c-a96ef483fdd8,Catalyst_Array_DenseMap_075785_0044.chi
44,44,45,1479172042.6573515,4.4,22.44,20486759737.919342,4.4,22.44,e913a2a0-fde3-4c9f-acde-97925f8f3d89,Catalyst_Array_DenseMap_075785_0045.chi
45,45,46,1479172113.7064474,4.4,23.44,20487692176.92105,4.4,23.44,6dad9705-2b69-478d-b6f2-408c9f2167ce,Catalyst_Array_DenseMap_075785_0046.chi
46,46,47,1479172185.1589534,4.4,24.44,20486772266.760345,4.4,24.44,9fbfa598-7c2e-4dab-80a6-cfa793c1f1c7,Catalyst_Array_DenseMap_075785_0047.chi
47,47,48,1479172256.5729733,4.4,25.44,20485680245.02951,4.4,25.44,458776d0-add4-4637-90d9-92ff95d02ea6,Catalyst_Array_DenseMap_075785_0048.chi
48,48,49,1479172319.9110448,3.4,25.44,20487517299.280655,3.4000000000000004,25.44,535cc1c6-d6c9-4779-b261-3d129348f1df,Catalyst_Array_DenseMap_075785_0049.chi
49,49,50,1479172391.4613724,3.4,24.44,20486616946.461502,3.4000000000000004,24.44,10f225e4-b370-40d0-8a94-f7f2fd317b05,Catalyst_Array_DenseMap_075785_0050.chi
50,50,51,1479172462.852021,3.4,23.44,20486470393.561905,3.4000000000000004,23.44,d3ffa40a-3af2-4540-92d5-c686507e4145,Catalyst_Array_DenseMap_075785_0051.chi
51,51,52,1479172534.291144,3.4,22.44,20485229207.428574,3.4000000000000004,22.44,284bf92c-e477-403b-bba7-6f5e9806d307,Catalyst_Array_DenseMap_075785_0052.chi
52,52,53,1479172605.641711,3.4,21.44,20486235772.041058,3.4000000000000004,21.44,4e1e7d92-a8ed-46cf-a018-33a6e678f86d,Catalyst_Array_DenseMap_075785_0053.chi
53,53,54,1479172677.0189214,3.4,20.44,20486194644.55429,3.4000000000000004,20.44,10cf1960-d437-4770-bab7-bf3fd2d153f6,Catalyst_Array_DenseMap_075785_0054.chi
54,54,55,1479172748.4532216,3.4,19.44,20486990281.321243,3.4000000000000004,19.44,be795ed3-f7c7-4e0a-bb05-c05428f8fac7,Catalyst_Array_DenseMap_075785_0055.chi
55,55,56,1479172820.0632837,3.4,18.44,20487806430.810547,3.4000000000000004,18.44,7b49938c-1d06-448d-9202-8b4833536587,Catalyst_Array_DenseMap_075785_0056.chi
56,56,57,1479172883.2263625,2.4,18.44,20486230598.891068,2.4000000000000004,18.44,0740df1e-6f7d-4cee-a11c-9dd880107c7c,Catalyst_Array_DenseMap_075785_0057.chi
57,57,58,1479172954.5941193,2.4,19.44,20486464115.898987,2.4000000000000004,19.44,2e163f94-59dd-4e03-b139-9c7f9badd8e8,Catalyst_Array_DenseMap_075785_0058.chi
58,58,59,1479173025.9155765,2.4,20.44,20486147011.9646,2.4000000000000004,20.44,265b09d9-a9b7-4eff-83a4-547064338284,Catalyst_Array_DenseMap_075785_0059.chi
59,59,60,1479173097.003135,2.4,21.44,20486529232.01857,2.4000000000000004,21.44,94b6dfa4-3e52-4560-9b58-d10c488631c5,Catalyst_Array_DenseMap_075785_0060.chi
60,60,61,1479173168.4731064,2.4,22.44,20486650257.07831,2.4000000000000004,22.44,f5cacbf9-ede3-4cb9-bb63-aafe716022b5,Catalyst_Array_DenseMap_075785_0061.chi
61,61,62,1479173240.1404653,2.4,23.44,20487280707.911728,2.4000000000000004,23.44,749545ca-4af8-4e86-9e5a-deb0bcabd8b1,Catalyst_Array_DenseMap_075785_0062.chi
62,62,63,1479173311.6587849,2.4,24.44,20485866537.779663,2.4000000000000004,24.44,efd4e41b-2c34-49f5-b74a-a9e25d7ac905,Catalyst_Array_DenseMap_075785_0063.chi
63,63,64,1479173383.0206516,2.4,25.44,20485696427.265305,2.4000000000000004,25.44,c990204c-8571-4f76-947e-c89ed14f1092,Catalyst_Array_DenseMap_075785_0064.chi
64,64,65,1479173446.3930244,1.4,25.44,20486617604.190983,1.4000000000000004,25.44,84d805e9-d658-4420-9ea3-d26f13d0123e,Catalyst_Array_DenseMap_075785_0065.chi
65,65,66,1479173517.7341292,1.4,24.44,20486190258.67781,1.4000000000000004,24.44,4d714c35-1830-4265-9b24-9ea55324117e,Catalyst_Array_DenseMap_075785_0066.chi
66,66,67,1479173589.11755,1.4,23.44,20486512404.87654,1.4000000000000004,23.44,8345a612-6c25-4b10-b092-ef4adf33fd99,Catalyst_Array_DenseMap_075785_0067.chi
67,67,68,1479173660.5653002,1.4,22.44,20486294039.7168,1.4000000000000004,22.44,3663da5c-93e2-4000-94a0-c5fadd96759b,Catalyst_Array_DenseMap_075785_0068.chi
68,68,69,1479173731.8913836,1.4,21.44,20485108135.530243,1.4000000000000004,21.44,f373aea3-7bc1-48c9-9964-b64ee00ae6fa,Catalyst_Array_DenseMap_075785_0069.chi
69,69,70,1479173803.3775456,1.4,20.44,20485721963.704132,1.4000000000000004,20.44,be5574eb-b65d-4d6b-b069-8cc1058c2e2e,Catalyst_Array_DenseMap_075785_0070.chi
70,70,71,1479173875.0259686,1.4,19.44,20487644538.527,1.4000000000000004,19.44,03ceb56d-bae1-4d29-ba5a-1e44bd11f321,Catalyst_Array_DenseMap_075785_0071.chi
71,71,72,1479173946.9557562,1.4,18.44,20485227939.615387,1.4000000000000004,18.44,221bd649-932e-4c5a-ab9d-f24f1c0de277,Catalyst_Array_DenseMap_075785_0072.chi
72,72,73,1479174010.1149995,0.4,18.44,20485345647.5186,0.4000000000000004,18.44,7f012669-c35f-42f2-b766-f6d930570022,Catalyst_Array_DenseMap_075785_0073.chi
73,73,74,1479174081.5770295,0.4,19.44,20485857788.299614,0.4000000000000004,19.44,a991383e-d3e9-4d6d-8151-25b6f3ea157e,Catalyst_Array_DenseMap_075785_0074.chi
74,74,75,1479174152.9580967,0.4,20.44,20487093993.56104,0.4000000000000004,20.44,5de8d855-1b37-4668-896a-4cfe4ed5baf5,Catalyst_Array_DenseMap_075785_0075.chi
75,75,76,1479174224.3392045,0.4,21.44,20485915713.82422,0.4000000000000004,21.44,71e26303-1d4a-4bf4-9447-d8c7d8a36037,Catalyst_Array_DenseMap_075785_0076.chi
76,76,77,1479174295.4390988,0.4,22.44,20487237771.40442,0.4000000000000004,22.44,57f56235-653d-4914-967c-eb8d921eb8b3,Catalyst_Array_DenseMap_075785_0077.chi
77,77,78,1479174366.9010766,0.4,23.44,20487005771.1882,0.4000000000000004,23.44,3769e291-efe6-4b12-b7f3-60721d21eb7f,Catalyst_Array_DenseMap_075785_0078.chi
78,78,79,1479174437.9860244,0.4,24.44,20485696129.860886,0.4000000000000004,24.44,c433e463-b02d-44c6-8572-7347fc954198,Catalyst_Array_DenseMap_075785_0079.chi
79,79,80,1479174509.4795902,0.4,25.44,20486250067.397583,0.4000000000000004,25.44,1c1609c4-cfa3-4ca8-963c-bbf669033fc7,Catalyst_Array_DenseMap_075785_0080.chi
80,80,81,1479174572.5475814,-0.6,25.44,20487110677.107983,-0.5999999999999996,25.44,e1d10724-105e-49da-a913-2ea2bfc6b1c2,Catalyst_Array_DenseMap_075785_0081.chi
81,81,82,1479174644.2149727,-0.6,24.44,20485972939.717056,-0.5999999999999996,24.44,dc8ba0d9-fcad-496e-8478-916970ba0670,Catalyst_Array_DenseMap_075785_0082.chi
82,82,83,1479174715.5985458,-0.6,23.44,20487483264.15404,-0.5999999999999996,23.44,68e320eb-1205-4103-877c-ac4d91d28266,Catalyst_Array_DenseMap_075785_0083.chi
83,83,84,1479174786.9808633,-0.6,22.44,20486507996.47499,-0.5999999999999996,22.44,415c63b5-b5cc-4eb6-9043-c77dff2cab1c,Catalyst_Array_DenseMap_075785_0084.chi
84,84,85,1479174858.3706071,-0.6,21.44,20485651843.915604,-0.5999999999999996,21.44,e74a91ad-b9e6-47dc-ae1d-4eeabddbdb6c,Catalyst_Array_DenseMap_075785_0085.chi
85,85,86,1479174929.7222548,-0.6,20.44,20487550984.827484,-0.5999999999999996,20.44,1106f139-92d5-4d7e-9fd0-d760949c56f5,Catalyst_Array_DenseMap_075785_0086.chi
86,86,87,1479175001.1412745,-0.6,19.44,20486667416.363144,-0.5999999999999996,19.44,70b336b4-e531-4856-a9a0-cf8213cac334,Catalyst_Array_DenseMap_075785_0087.chi
87,87,88,1479175072.4295723,-0.6,18.44,20486513569.065643,-0.5999999999999996,18.44,bb5f3d6c-3fc3-435b-9dcf-07cdd79eedeb,Catalyst_Array_DenseMap_075785_0088.chi
88,88,89,1479175135.840195,-1.6,18.44,20487440434.197723,-1.5999999999999996,18.44,5004fecc-0be9-4bca-ad54-929ac3c5ef6e,Catalyst_Array_DenseMap_075785_0089.chi
89,89,90,1479175207.5367286,-1.6,19.44,20487974860.31575,-1.5999999999999996,19.44,d0aaa5a7-606b-4ddb-9566-fcfc535e7e29,Catalyst_Array_DenseMap_075785_0090.chi
90,90,91,1479175279.3174882,-1.6,20.44,20487132370.5818,-1.5999999999999996,20.44,aae0330d-c214-4c76-b774-87ba0441739a,Catalyst_Array_DenseMap_075785_0091.chi
91,91,92,1479175350.7809675,-1.6,21.44,20487168913.793854,-1.5999999999999996,21.44,1998d2f0-bef1-4ebc-bd69-5265cc956718,Catalyst_Array_DenseMap_075785_0092.chi
92,92,93,1479175422.1602454,-1.6,22.44,20487834741.172974,-1.5999999999999996,22.44,a5a01606-723c-44a1-9c3e-f972bdc0f016,Catalyst_Array_DenseMap_075785_0093.chi
93,93,94,1479175493.5276842,-1.6,23.44,20487851512.668472,-1.5999999999999996,23.44,533a8dc8-80d2-44a8-92da-4d4a1b925897,Catalyst_Array_DenseMap_075785_0094.chi
94,94,95,1479175564.6725705,-1.6,24.44,20486421628.655457,-1.5999999999999996,24.44,d7e45f1f-45b9-4415-8857-10db967f54b2,Catalyst_Array_DenseMap_075785_0095.chi
95,95,96,1479175636.126482,-1.6,25.44,20486408026.243958,-1.5999999999999996,25.44,6419fb91-78a6-465f-bb7a-d8c7ba515127,Catalyst_Array_DenseMap_075785_0096.chi
96,96,97,1479175699.1820858,-2.6,25.44,20485735249.968903,-2.6,25.44,d2ceabb2-fd2c-4c4d-9269-34c336255ca0,Catalyst_Array_DenseMap_075785_0097.chi
97,97,98,1479175770.1387134,-2.6,24.44,20487671406.81279,-2.6,24.44,2a05cda5-221a-4c37-8d7d-a13cebff8a51,Catalyst_Array_DenseMap_075785_0098.chi
98,98,99,1479175841.3393419,-2.6,23.44,20489083213.074936,-2.6,23.44,4ef693f1-4df6-4e8a-998d-2bf07bb8fa77,Catalyst_Array_DenseMap_075785_0099.chi
99,99,100,1479175913.1255493,-2.6,22.44,20489784312.249832,-2.6,22.44,526d46fc-47d1-49e9-80c0-cae4da5e4d63,Catalyst_Array_DenseMap_075785_0100.chi
100,100,101,1479175984.5955255,-2.6,21.44,20487454757.51311,-2.6,21.44,5b9e582e-7e40-46aa-9517-fcfc3d2889f3,Catalyst_Array_DenseMap_075785_0101.chi
101,101,102,1479176056.0247307,-2.6,20.44,20487183361.780968,-2.6,20.44,f6c3b3bd-a5a6-4e29-8123-ef730b75eb23,Catalyst_Array_DenseMap_075785_0102.chi
102,102,103,1479176127.3802073,-2.6,19.44,20486979986.18509,-2.6,19.44,bce159ca-c30c-48f4-818d-5c77407b385c,Catalyst_Array_DenseMap_075785_0103.chi
103,103,104,1479176198.7184956,-2.6,18.44,20488002934.6434,-2.6,18.44,922761f0-b849-44ac-b5a9-48bd78851f3e,Catalyst_Array_DenseMap_075785_0104.chi
104,104,105,1479176261.810538,-3.6,18.44,20486984150.51041,-3.6,18.44,2bd2bd00-1800-4849-a703-97a5b18129c6,Catalyst_Array_DenseMap_075785_0105.chi
105,105,106,1479176333.4061015,-3.6,19.44,20486503916.42656,-3.6,19.44,3acab7b5-bf2e-4b00-b6b5-544f2459bc5e,Catalyst_Array_DenseMap_075785_0106.chi
106,106,107,1479176404.8362136,-3.6,20.44,20487693588.851,-3.6,20.44,c3777c45-53c1-420a-88ee-fa4fa10c059a,Catalyst_Array_DenseMap_075785_0107.chi
107,107,108,1479176476.2626407,-3.6,21.44,20489355321.404327,-3.6,21.44,f5503c9d-18cc-4475-80dc-a26453be73ad,Catalyst_Array_DenseMap_075785_0108.chi
108,108,109,1479176547.611067,-3.6,22.44,20490417943.782013,-3.6,22.44,a216f1c1-e80a-4837-abd8-621e60f1837d,Catalyst_Array_DenseMap_075785_0109.chi
109,109,110,1479176618.9340875,-3.6,23.44,20487429047.454,-3.6,23.44,532fcdda-6dba-4674-bd32-2b207d0d4c83,Catalyst_Array_DenseMap_075785_0110.chi
110,110,111,1479176690.7465153,-3.6,24.44,20486681592.53186,-3.6,24.44,c348c386-06ac-4320-a245-77e036f0244e,Catalyst_Array_DenseMap_075785_0111.chi
111,111,112,1479176762.135392,-3.6,25.44,20487134269.426483,-3.6,25.44,0322e4dd-5095-499f-afd4-c4e0306d8b5d,Catalyst_Array_DenseMap_075785_0112.chi
112,112,113,1479176825.2318099,-4.6000000000000005,25.44,20486324323.146927,-4.6,25.44,7b1fc154-568a-40b9-9f08-fee053bb782e,Catalyst_Array_DenseMap_075785_0113.chi
113,113,114,1479176896.7746992,-4.6000000000000005,24.44,20488811798.55749,-4.6,24.44,2296b3e5-598d-4624-8520-879696794055,Catalyst_Array_DenseMap_075785_0114.chi
114,114,115,1479176968.3172204,-4.6000000000000005,23.44,20490411362.8452,-4.6,23.44,10ca8cdd-9679-4090-98fd-e40e54d68013,Catalyst_Array_DenseMap_075785_0115.chi
115,115,116,1479177039.6448007,-4.6000000000000005,22.44,20487773805.627747,-4.6,22.44,90353c78-13d6-4c37-9a49-e3f808eda43a,Catalyst_Array_DenseMap_075785_0116.chi
116,116,117,1479177111.0367842,-4.6000000000000005,21.44,20490262866.00093,-4.6,21.44,ac6e68af-68d5-4379-bb29-1e8f893b7b8c,Catalyst_Array_DenseMap_075785_0117.chi
117,117,118,1479177182.065015,-4.6000000000000005,20.44,20486350301.127304,-4.6,20.44,ebea8651-ec82-4f11-92fd-64bd12edfafc,Catalyst_Array_DenseMap_075785_0118.chi
118,118,119,1479177253.376677,-4.6000000000000005,19.44,20488410233.651474,-4.6,19.44,c6c127bf-0e29-428d-b408-42b3fe7356b4,Catalyst_Array_DenseMap_075785_0119.chi
119,119,120,1479177324.8059385,-4.6000000000000005,18.44,20488183137.04045,-4.6,18.44,6a3ee899-4315-4756-afd2-319699af8d9e,Catalyst_Array_DenseMap_075785_0120.chi
120,120,121,1479177387.846365,-5.6000000000000005,18.44,20488335959.816315,-5.6,18.44,dacb2c10-2741-4f6a-a786-3c1eca569773,Catalyst_Array_DenseMap_075785_0121.chi
121,121,122,1479177459.3477855,-5.6000000000000005,19.44,20488005858.850586,-5.6,19.44,2add64cc-44b8-4bd6-92a5-7c1a053d6ba3,Catalyst_Array_DenseMap_075785_0122.chi
122,122,123,1479177530.7393625,-5.6000000000000005,20.44,20488055613.569504,-5.6,20.44,ba3e4700-48cb-432a-b03f-2c9fa05908a2,Catalyst_Array_DenseMap_075785_0123.chi
123,123,124,1479177602.2119222,-5.6000000000000005,21.44,20488124867.696747,-5.6,21.44,19a105ca-b809-4ee5-ad0e-b3faaba90c81,Catalyst_Array_DenseMap_075785_0124.chi
124,124,125,1479177673.8302126,-5.6000000000000005,22.44,20488970857.68965,-5.6,22.44,7f07d875-df15-4e7f-97cf-a30a92e4169f,Catalyst_Array_DenseMap_075785_0125.chi
125,125,126,1479177745.2540648,-5.6000000000000005,23.44,20487607480.166885,-5.6,23.44,5415fab3-dee3-4036-8de7-a34473329e8b,Catalyst_Array_DenseMap_075785_0126.chi
126,126,127,1479177816.6318667,-5.6000000000000005,24.44,20486281394.92028,-5.6,24.44,18885fd7-4c06-42da-88f5-ac3b4812f870,Catalyst_Array_DenseMap_075785_0127.chi
127,127,128,1479177888.0032322,-5.6000000000000005,25.44,20486672687.846,-5.6,25.44,9b51866c-eba4-4990-8b2c-5769431e4cd2,Catalyst_Array_DenseMap_075785_0128.chi
128,128,129,1479177951.0482106,-6.6000000000000005,25.44,20486872486.328262,-6.6,25.44,a3146e80-3c15-495f-8c38-0cf6567374c1,Catalyst_Array_DenseMap_075785_0129.chi
129,129,130,1479178022.3326032,-6.6000000000000005,24.44,20486450261.94661,-6.6,24.44,48aa6c12-8441-4802-bae5-bbbfa03e5f5e,Catalyst_Array_DenseMap_075785_0130.chi
130,130,131,1479178094.0183961,-6.6000000000000005,23.44,20487294641.340103,-6.6,23.44,373e7e47-0bae-4193-8f06-47900d448d0b,Catalyst_Array_DenseMap_075785_0131.chi
131,131,132,1479178165.2950964,-6.6000000000000005,22.44,20487656709.852097,-6.6,22.44,dd32a303-54f8-4989-af19-c9c0cb312799,Catalyst_Array_DenseMap_075785_0132.chi
132,132,133,1479178236.6631358,-6.6000000000000005,21.44,20486641742.875214,-6.6,21.44,dce92840-596d-4057-8609-b8f45b3c5f2f,Catalyst_Array_DenseMap_075785_0133.chi
133,133,134,1479178308.0408895,-6.6000000000000005,20.44,20485888969.175358,-6.6,20.44,976b7082-f957-433a-aeed-6694c2add261,Catalyst_Array_DenseMap_075785_0134.chi
134,134,135,1479178379.4360194,-6.6000000000000005,19.44,20486544164.70753,-6.6,19.44,10652248-37f2-4412-bdde-9c2a750da310,Catalyst_Array_DenseMap_075785_0135.chi
135,135,136,1479178450.8027134,-6.6000000000000005,18.44,20485285643.61711,-6.6,18.44,f50e272c-b876-4f9f-90cf-a938e0875b01,Catalyst_Array_DenseMap_075785_0136.chi
